Translation # 0
-2896743899 -3573929442 -4751279956 -4321492843 87048 
-2549704941 -2498557444 -4880171432 -5515468671 512650 
-2163444357 -2590692918 -4287155278 -3661950011 -349730 
-2927123317 -3635020751 -4843781238 -5767252651 1759248 
-2598171690 -3255915499 -4778608929 -5054459592 1158312 
-2164815161 -2722851727 -3728942834 -4477702472 772693 
-3142807922 -2752506698 -5492258960 -4645038550 716030 
-2500235874 -3146878904 -4893897765 -4973830328 -74423 
-2153656882 -2708501137 -3454688945 -1595053877 190355 
Translation # 1
-804861315 -867881458 -1655214344 -1420332165 -1196635 
-1138483933 -1040552956 -1635231619 -1539940647 -11680 
-1140069225 -872915168 -1393473901 -1702895974 -832859 
-869566497 -592691594 -1695002688 -1495796147 -162318 
-906954787 -829324612 -1343797090 -1844793520 -1800629 
-843506500 -944411543 -1718812999 -1374856521 -633295 
-885884994 -677807490 -1931871275 -1728528814 -781557 
-938620270 -1149061371 -1359521484 -1623271563 -94473 
-1131533306 -1155030819 -1664076797 -1317385013 -82293 
Translation # 2
-1020922423 -986269982 -1417835987 -1331973259 -422849 
-1039343963 -982470157 -1675341378 -1128258410 -433877 
-941873143 -860233863 -1454580535 -1353820484 -549462 
-942603087 -901118042 -1849288125 -1648800706 -971643 
-982321515 -812342922 -1398267605 -1611200417 -1453019 
-1200834375 -949138100 -1449590501 -1545422191 -787053 
-637829484 -1136448715 -1412995797 -1253842004 48486 
-759350449 -1006377952 -1335247412 -1406314089 -791366 
-853848667 -867320453 -1458278712 -1432153400 -311236 
Translation # 3
-1392504411 -1281537142 -2094840980 -2211320754 84579 
-1456901679 -1386089739 -1892380475 -2331829397 -1819409 
-1108541190 -1289027274 -2075720598 -2066377259 -933322 
-1223890334 -1315263370 -2158557997 -1840637634 -287556 
-1237459117 -1318606741 -2432519254 -2405690399 -289329 
-1284251013 -1363929904 -1927764148 -2028363748 -787368 
-967378226 -994987184 -2334612060 -1686307192 -1291459 
-1378064860 -1265143223 -2375711573 -2032153830 -930088 
-973350008 -1490221090 -2019235564 -1823574678 -1032413 
Translation # 4
-1442466459 -1235551306 -1727105428 -1629679362 -601459 
-1397875834 -1880515005 -2580101156 -1865962954 442295 
-1238080573 -1325408008 -1886253113 -2238720357 -52440 
-928964329 -1568570436 -1977934428 -2279681734 -295782 
-1325356644 -1346211801 -1620665578 -2420454214 -26873 
-1498758506 -1056481625 -2305333891 -2185313995 -1366342 
-1127574637 -1131646256 -2662655926 -2429795703 -164452 
-906217446 -1472564079 -1020770412 -178436097 -748726 
-102382746 -104238315 -179883259 -180421120 396179 
Translation # 5
-80398417 -135722582 -172331891 -186400372 40028 
-141063743 -123916307 -235180051 -199238662 -726838 
-137227642 -113038239 -194575755 -166575022 335371 
-115901495 -138587896 -193484933 -210946593 -940575 
-149883391 -103079467 -211115667 -229262595 -892138 
-129461654 -78317299 -226921467 -218220723 190756 
-114276332 -94189354 -204531299 -192495620 -513176 
-130719576 -150056163 -196646155 -174102611 -756538 
-146855127 -135870394 -186963155 -236438173 230393 
Translation # 6
-79249639 -71517725 -197707894 -162827755 -734057 
-85969333 -157147964 -177636346 -190045049 -473631 
-116883544 -146621231 -186030806 -176681344 -492046 
-108401605 -150954998 -223705326 -240749514 -709734 
-123644427 -121925544 -201981111 -187101583 -147550 
-122214312 -117852153 -3710566551 -4884996228 -1895115 
-2646032019 -2611087290 -4732731938 -5578736964 -769940 
-2785782450 -3467332777 -4431326141 -4618928076 -774579 
-2654190843 -3792669656 -4205477340 -5756659088 -291193 
Translation # 7
-2009996229 -3069891603 -4626435884 -4762880740 -454146 
-2577678980 -2595944461 -5230965337 -6422692234 -487805 
-3305616574 -3682882613 -5771908476 -4484926002 -1177564 
-2357453607 -2989847222 -5452773697 -3831048940 -369011 
-2184939138 -3390291391 -5009640752 -5161918281 -786859 
-2402091065 -2827241000 -4715745213 -4978875940 -10765 
-1759023896 -3698984745 -4738681284 -4255655842 -53044 
-2578332204 -2785128785 -4198260774 -4864320723 -28922 
-2997695841 -3555269248 -5430815514 -6645579184 91729 
Translation # 8
-2488212528 -3035737101 -4248817394 -4513746395 -1103182 
-3045427249 -2940246499 -4768723942 -4920398899 -1105191 
-2383690200 -2949207201 -4203115115 -4507847062 -1124983 
-3320478283 -2448277276 -4249153227 -5286504845 443507 
-1944711638 -1585402766 -1915136548 -1744756916 -685612 
-1293296229 -1151902845 -2226564401 -2141980703 -1327553 
-1164273795 -1228836228 -1793674145 -1846074158 -870888 
-1341574888 -1176350831 -1533853302 -1806871909 -664956 
-968311013 -1018235754 -2174859191 -2403997369 -657016 
Translation # 9
-1092120390 -1010294754 -1507937666 -1850337388 -697810 
-1255437852 -1049048420 -1821422507 -2180514694 -36119 
-1148993219 -1243950489 -2033937429 -2314396663 -986241 
-950048900 -1290079944 -1851457479 -2244900697 -428317 
-1218808221 -1313745224 -2000546936 -2328243747 -668025 
-1041948580 -1306523671 -1902348989 -1850355683 -115321 
-1364658519 -1296424016 -2066795462 -1922937191 -1259766 
-1094156240 -1152929791 -1669643416 -1717266293 132570 
-1106900714 -1155338697 -1901381166 -1973915818 118907 
Translation # 10
-1292802781 -1100669072 -1692070994 -2143108367 -1093349 
-1259480690 -1176123550 -1743734018 -1756097570 -713976 
-1291662759 -921513246 -720145208 -998438486 -1107514 
-499382117 -572854078 -932598253 -714557648 -1275503 
-557748202 -480534023 -749207132 -653116937 -897324 
-668919262 -499103209 -770875063 -905942684 -840236 
-353645469 -554138482 -721874830 -961842275 90149 
-480930615 -377644289 -789309060 -1062597120 -239879 
-393939354 -336417344 -845192721 -1020427890 14238 
Translation # 11
-389206824 -553759818 -599893269 -822975421 -434918 
-419904530 -421845812 -861387081 -951881107 78018 
-426845465 -525819501 -845727553 -707203685 -959603 
-477297928 -624123194 -967446993 -750392923 -1280377 
-537121703 -523933114 -815105811 -892470303 -573579 
-431622559 -427471877 -807202044 -905443004 -380935 
-447803226 -489275841 -795649563 -684055850 -1057507 
-435565003 -442389486 -886287300 -739222461 -927196 
-676387622 -601192854 -587776202 -838371572 3286 
Translation # 12
-603155190 -576371321 -854121350 -903315844 -190764 
-620529872 -557657557 -1000564013 -741250812 -1146042 
-602139514 -487096007 -935523859 -769788433 -877921 
-526114423 -609188353 -721825928 -721093676 -974872 
-553141449 -350268825 -675759986 -874990896 -185212 
-556457854 -590660957 -699883273 -1287508494 -318535 
-2621252707 -2042497134 -4191698158 -3946106527 -496363 
-2760777328 -2544289523 -4020042612 -4655711006 -543979 
-2452339281 -2199068778 -4543271271 -3124963694 -454043 
Translation # 13
-2881874322 -2295453894 -3806360893 -3927486139 -413992 
-2988576614 -2282813718 -4404895783 -3543942926 -78253 
-2394571350 -3217228015 -4104212374 -4745665514 -504301 
-1989075247 -2092992052 -3747798382 -4416942538 -512846 
-3220565938 -2378209152 -4053532699 -4748774438 -1220970 
-2170054733 -2479251938 -3970490533 -4675808064 203867 
-2870841282 -2967031487 -4512882282 -3827117103 48817 
-2175505592 -2106564593 -3850903035 -3939593834 -369669 
-2304846819 -1905527118 -4129615675 -4899094193 231320 
Translation # 14
-2787069955 -2629380474 -4371698157 -4003104035 -626245 
-2454636026 -2232764672 -3968476507 -4377013167 441322 
-2300692070 -2053406991 -3423859345 -4322291541 -573770 
-3220353261 -1818404576 -3927209788 -3299004245 -1377927 
-2412180986 -2183085156 -3794291320 -3529705029 -484113 
-2643716963 -2479468746 -3094383040 -2913311987 -1663680 
-2316471963 -2376569728 -4049934232 -2767845375 -559893 
-1438836755 -1681390832 -2967142939 -2991271258 -141663 
-2370638179 -2517306475 -3204841702 -3421744293 -703392 
Translation # 15
-2222851773 -2742472793 -3644169407 -3315543677 -437625 
-1956997338 -1917828747 -3743626458 -4231614952 15725 
-1660497136 -1987706803 -3288809319 -2809685169 -905110 
-2246658905 -2789732527 -3716734524 -4424837167 -182527 
-1993773051 -2498846741 -3667185566 -3877676547 -1183239 
-1661434427 -2089405614 -2860215208 -3435601021 -504457 
-2411793914 -2112491128 -4214530230 -3563585912 617865 
-1918657276 -2414553332 -3755030070 -3816440467 -18903 
-1652844534 -2078292644 -3986611356 -3809172258 -729669 
Translation # 16
-1918043500 -2068640668 -3957946935 -3395193767 -548123 
-2716493983 -2482033211 -3901905938 -3675896472 16011 
-2716301720 -2079571408 -3321022220 -4066085954 158133 
-2073397771 -1413233615 -4048938006 -3575229996 -902516 
-2163051759 -1976692183 -3212061567 -4404263647 -1702733 
-2010351283 -2557601834 -5087989971 -4069543943 -1164852 
-2619603221 -2006860303 -5717674933 -5118999667 227589 
-2771766854 -3394788652 -4023390790 -4813606230 -1156630 
-3343653811 -3419948010 -4927055917 -3900471344 -150211 
Translation # 17
-3019773527 -2914283757 -4196633332 -3947668698 -422009 
-3071017437 -2908286032 -4963965466 -3346597952 -374663 
-2782225800 -2542992852 -4308257015 -4007716488 -67458 
-2783957226 -2664368744 -5469645974 -4876973282 -821443 
-2905857158 -2400900925 -4146315801 -4768426412 -1200432 
-3547569722 -2801791428 -4290925130 -4580469806 -811288 
-1887329374 -3357293845 -4181266444 -3708418717 178323 
-2243177582 -2977348013 -3957195062 -4171927233 -339532 
-2521168336 -2561041408 -4319802378 -4236409337 -132506 
Translation # 18
-2787528908 -2565987777 -4197768440 -4430717915 -978266 
-2914518594 -2775326176 -3795234245 -4672456283 -1385282 
-2219942192 -2580445205 -4160275665 -4142643586 -800911 
-2450102270 -2634101008 -4324934467 -3685803957 -1047268 
-2477753063 -2640893389 -4869226584 -4823085295 -744223 
-2571098517 -326350689 -457602635 -481398265 -644052 
-231037344 -236634129 -551688286 -398595882 -1001896 
-327997239 -300847484 -561955931 -481442191 579648 
-231685741 -354875767 -476061359 -431090212 -743143 
Translation # 19
-344356333 -294307609 -406997012 -384459002 -1451030 
-333125373 -446001167 -608889255 -440693972 -726087 
-294457508 -315253104 -444287320 -526248619 -1212284 
-222603065 -372909850 -465573282 -541224228 -380167 
-316440667 -321549820 -382376049 -575003084 -171024 
-356859214 -252216871 -544407012 -517546345 -145430 
-268870134 -269176676 -630789010 -572110858 197765 
-216626591 -350862338 -361379020 -467320952 -591374 
-265617384 -268012423 -473962722 -479578805 353624 
Translation # 20
-207481062 -351188086 -454504591 -483296901 -751463 
-365765535 -319085171 -615703411 -528211526 -205917 
-355554266 -292191492 -516282142 -440154448 -726791 
-302360631 -361327855 -503470268 -558181745 -630703 
-385531823 -265887979 -552600563 -604973795 -243545 
-335298637 -202253229 -599488361 -575535387 -635058 
-565631567 -2298745621 -5174948420 -4797878029 -1167317 
-3157479084 -3684130155 -5041806160 -4317740554 -826824 
-3626536699 -3319935538 -4608554986 -5895989449 -579465 
Translation # 21
-1904227203 -1723061442 -4938557844 -4151883837 -294018 
-2144331427 -3811652141 -4417956924 -4824986157 -313361 
-2848176893 -3556810242 -4662840765 -4426777011 -515950 
-2605956366 -3690000719 -5561933000 -5875458980 -359275 
-3014130970 -2950002592 -5049074868 -4675086089 376309 
-2965537434 -2874509956 -4114340812 -4870042531 -643665 
-2637925949 -2603260988 -4718407168 -5561683508 -245944 
-2777272805 -3456685965 -4417448042 -4604518436 -1691939 
-2645775289 -3781060569 -4192807748 -5739076044 109529 
Translation # 22
-2003744445 -3060073114 -4612427605 -4748266352 216317 
-2570024295 -2588000461 -5214861326 -6402970839 -572363 
-3295412366 -3671943756 -5754273699 -4470959862 -776736 
-2350239969 -2980693209 -5436070257 -3819304899 -814432 
-2178210071 -3379830337 -4994105295 -5146210932 -868262 
-2394658700 -2027491131 -1447671131 -1527015594 -904593 
-541195935 -1135948167 -1451409598 -1305395066 -249164 
-792548146 -855158420 -1287180146 -1492703416 -1043600 
-922002457 -1092177874 -1665391884 -2036844680 139986 
Translation # 23
-766027612 -932965539 -1302400190 -1385565648 -17369 
-935720818 -902569864 -1460750575 -1509507045 -1434418 
-732038896 -905447828 -1289311090 -1382185644 -367418 
-1020232421 -752962577 -1301302233 -1625384756 -1030476 
-597224335 -911514603 -1496250312 -1363839108 -557031 
-1011172404 -900617880 -1740244620 -1673394010 -614400 
-910273033 -960771153 -1402464233 -1442262161 -824181 
-1049071824 -919601491 -1197706253 -1412107224 668534 
-757446815 -796596021 -1698980115 -1877918937 -143316 
Translation # 24
-854253485 -790429665 -1177916785 -1445896744 -147533 
-981465477 -819953960 -1423478891 -1704704834 -255834 
-898193647 -972305837 -4786733720 -5443700402 -414838 
-2232776060 -3033197371 -4358180684 -5281789437 -998942 
-2864564001 -3089719944 -4709583753 -5474276784 -41873 
-2449718114 -3070911751 -4478823660 -4355309451 -372458 
-3209123020 -3047736304 -4864202477 -4522762010 547078 
-2573087743 -2707421403 -3926395031 -4042373535 -354238 
-2600516474 -2713060165 -4476871762 -4642145995 -172349 
Translation # 25
-3034582023 -2585830077 -3983082418 -5045468436 -1206778 
-2960520881 -2764670510 -4105939913 -4136433593 -86612 
-3033764106 -2165939872 -4017955380 -5550255615 -950246 
-2769966887 -3185474662 -5210126228 -3980629807 -665084 
-3095889315 -2663833036 -4165586649 -3640815058 -87454 
-3717060545 -2769149015 -4298937269 -5051021300 -465837 
-1963816111 -3078394018 -4015446553 -5344656291 -1474491 
-2675094584 -2092533791 -4404938065 -5921534965 -180078 
-2174952021 -1865850166 -4709020237 -5688786087 -977636 
Translation # 26
-2153131147 -3066040733 -3354109879 -4576084219 -583410 
-2323829732 -2259082913 -4624840063 -5089438279 -1209473 
-2277240154 -2810984242 -4540284224 -3805359262 -798438 
-2545374118 -3327904707 -5182693846 -4027775322 30295 
-2860254410 -2794626407 -4373250437 -4779958494 -63582 
-2298212589 -2276822601 -4340291376 -4839461078 -1637092 
-2391080656 -2609798616 -4263669313 -3652536439 631708 
-2322202389 -2353898669 -4731365746 -3961802093 -939069 
-3605493135 -3208274206 -3152592928 -4495842688 -305799 
Translation # 27
-3214850428 -3074628642 -4563888316 -4839516214 -1117890 
-3305174974 -2975071875 -5364561562 -3989595549 -984189 
-3215520471 -2601807274 -5012697374 -4139438500 -371766 
-2810153571 -3245572645 -3852531096 -3854025325 -1160739 
-2947647556 -1865570795 -3627200226 -4694008121 -631267 
-2966941125 -3153626144 -3741606406 -4359474064 -304867 
-2821970791 -2198925751 -4514170076 -4249052808 -123788 
-2972890792 -2739002858 -4329023286 -5013125281 -369165 
-2640414648 -1038952382 -823468677 -566931521 191956 
Translation # 28
-525315606 -418867061 -687798576 -710962964 -912770 
-545135912 -417105450 -796895031 -638296099 -722566 
-436471270 -585632698 -746419680 -862561631 -990629 
-362842274 -381786677 -679363079 -801908544 -998230 
-585783152 -432198493 -732172273 -861589630 -84921 
-396148360 -451425156 -720507323 -847634488 -1562805 
-522414371 -540043931 -819692552 -692687501 -410592 
-395951945 -382727766 -700389312 -712916360 -1162520 
-419062806 -347423455 -748402997 -888651752 -1589161 
Translation # 29
-506671737 -478041933 -792792349 -727217233 -237625 
-447500866 -406620781 -715861986 -791799873 -1004628 
-418967845 -374311459 -619298256 -783864858 -1394945 
-586086135 -329920866 -807274842 -682060156 -234043 
-502103442 -454698214 -785661100 -734019222 -227303 
-550959876 -517003596 -639684592 -603990051 -598013 
-483953412 -495694028 -843935312 -573491570 -721547 
-300729894 -351159335 -619272044 -619948379 790091 
-494762244 -523872423 -661323225 -707292839 443671 
Translation # 30
-463434967 -571299714 -751548174 -688652485 -660220 
-407736238 -401475844 -774876260 -877341486 -940334 
-346320790 -321494782 -488696213 -420972280 -460700 
-338260216 -419208069 -555353115 -660276509 -174129 
-298885251 -375468641 -552106182 -578105513 -751576 
-250088327 -313159349 -424621352 -514907493 -809306 
-361702972 -317315639 -631862732 -531819583 -813651 
-288063076 -362245354 -561374132 -570365829 -358984 
-250267782 -311427241 -593347301 -568684079 -79386 
Translation # 31
-289003613 -311324926 -588421345 -504936516 -360842 
-407140644 -372753216 -584812459 -550198468 -911005 
-409503946 -313733008 -499657424 -607877852 -686827 
-311782171 -212122227 -604009673 -532276602 -517923 
-324979562 -297761383 -478017432 -658658969 -822981 
-302976152 -337964615 -613080705 -490792485 -188271 
-316898707 -241521970 -689290075 -615905682 -1133502 
-337029968 -411947770 -485421069 -576350378 -660995 
-405664858 -411740444 -593353836 -469795625 -1428177 
Translation # 32
-364761600 -353597559 -506076822 -473622187 119697 
-372446097 -351062275 -596161138 -765520336 -497231 
-722355544 -659726811 -1114380480 -1037708542 -888136 
-723174084 -691070725 -1417956962 -1263748352 -1120246 
-752617947 -622984945 -1070989503 -1234943530 -892357 
-921521802 -728161401 -1111224977 -1184091492 -767777 
-488967331 -871682888 -1083040618 -961640069 -579029 
-582302855 -771549861 -1022556508 -1076978396 -749632 
-655305602 -665433635 -1117115752 -1097818835 -1138222 
Translation # 33
-723604929 -666050623 -1086279404 -1147376536 -113797 
-757971452 -719944618 -980087773 -1209445290 -1161295 
-576040011 -669677885 -1076667820 -1070446335 -1109004 
-635714258 -683227047 -1120044855 -955571508 -1305037 
-642873808 -684707487 -1264190262 -1246520236 -1617678 
-667269333 -709272172 -1000777528 -1052781973 -505569 
-503152889 -516871764 -1210351628 -874529594 -1104918 
-715898051 -656945802 -1231933763 -1054346395 -656819 
-505526697 -774211690 -1046018337 -945161733 -368643 
Translation # 34
-1125917878 -992454332 -1386175585 -1308033944 -504892 
-1122987670 -1510142460 -2071261312 -1497787678 403860 
-994382760 -1064185398 -1513913973 -1796495641 -1287029 
-746700740 -1259523759 -1587308720 -1830928216 -764158 
-1064735729 -1081874263 -1300667898 -1944076357 -519157 
-1203635139 -848781348 -1850594882 -1754674495 -577574 
-905802731 -908824857 -2137921035 -1949998607 47171 
-728346051 -1182952801 -1228149861 -1583592296 -569227 
-895440746 -899274360 -1610811723 -1632873054 -564701 
Translation # 35
-698403523 -1182717777 -1542386888 -1628279412 -138307 
-1232607872 -1072207284 -2084516049 -1798222974 153185 
-1198106153 -983679768 -1758760853 -1496050989 -940987 
-1022099730 -1220582808 -1700890412 -1897934573 52039 
-1295586772 -894227081 -1870917622 -2054858769 -1016326 
-1128121934 -679877198 -2035683428 -1954766698 -52942 
-1004510784 -825904402 -1854411861 -1721055790 -271619 
-1135144151 -1323217479 -1816184182 -1571407442 -1411804 
-1320392385 -1209688719 -1678153326 -2144925351 -285451 
Translation # 36
-694652158 -628571296 -1796323792 -1508159079 -787099 
-780182623 -1389523883 -1607663533 -1753031152 -545062 
-1037904254 -1296324711 -1696258288 -1610126429 -674554 
-950634016 -1344760087 -2023870188 -2141185152 -174973 
-1098784877 -1075895466 -1836790266 -1701134555 -1409546 
-1081307025 -1047126123 -1495595818 -1774243091 -885085 
-960130580 -949486978 -1716866058 -2023567212 -343389 
-1012252296 -1260100284 -1606276589 -1677410484 -771941 
-964610299 -1378226394 -1526913085 -2088762517 -908579 
Translation # 37
-731299611 -1115091631 -1676105775 -1729070027 -1190873 
-936709052 -943640669 -1895431993 -2331019352 -451042 
-1201339979 -1338993932 -2092114839 -1626641800 -837696 
-856973022 -1086041473 -1978380995 -1388489331 -123665 
-794541797 -1231833167 -1818458634 -1872412816 -1647307 
-873873643 -1026591760 -1712336816 -1806230073 25252 
-639845914 -1343501824 -1717545073 -1544524669 -1011540 
-937265250 -1011486845 -1522826633 -1765695807 -30216 
-1089957305 -2040283825 -4576908426 -5600098681 -588166 
Translation # 38
-2097225803 -2558828693 -3580331384 -3804243742 -1287211 
-2567149771 -2478369805 -4018342430 -4147061001 -293785 
-2009023286 -2486126946 -3542665579 -3798667812 -1041791 
-2798929190 -2064053539 -3580556396 -4456065842 -256477 
-1639109803 -2499106117 -4113538678 -3746418928 580832 
-2775114393 -2470585896 -4780089907 -4603483060 -1386455 
-2497837807 -2636931416 -3846247882 -3967318173 -156224 
-2877059933 -2524035298 -3296947205 -3880814329 -484339 
-2074832827 -2181916258 -4674108944 -5165347534 -421496 
Translation # 39
-2341721233 -2166036465 -3239199458 -3973103822 -742630 
-2693928804 -2252100770 -3911938990 -4678570483 -1260362 
-2463667260 -2667909501 -4368554686 -4968287289 -605387 
-2037992805 -2768366263 -3977372994 -4820386855 -388247 
-2614602080 -2820091969 -4297819537 -4996490398 -1661999 
-2235843507 -2802975328 -4087449049 -3974690293 443391 
-3287163851 -3121828663 -4982558737 -4632757632 -1281465 
-2635658086 -2773614397 -4022191487 -4140763377 -168292 
-2663481711 -2778729231 -4585835320 -4755032109 -315066 
Translation # 40
-3108049836 -2648723061 -4080153303 -5168201194 5839 
-3032450494 -2832180503 -4205876717 -4237134963 -261288 
-3107090719 -2218235759 -4115786331 -5685277620 -743636 
-2837222332 -3262937806 -5337093698 -4077429951 -741081 
-3171296034 -2728566969 -4266732915 -3729032626 336368 
-3807140270 -2836166985 -4403507841 -5174319580 -418765 
-2011187454 -3153521649 -4113107314 -5474610489 139803 
-2740363050 -2143429358 -4512046725 -6065753131 -470317 
-2227372367 -1910949358 -4823253228 -5827135691 -838509 
Translation # 41
-2205001226 -3140526810 -3435937141 -4687252301 -566497 
-2380666832 -2393230163 -4927798300 -5422939687 -200270 
-2426423319 -2995124642 -4838459549 -4055141837 -762161 
-2712342492 -3545765337 -5522754984 -4291986070 -157414 
-3047542330 -2978043022 -4660075971 -5093356857 -1484547 
-2448732974 -2426002105 -4625214629 -5156526702 -939647 
-2547813082 -1215255584 -516044838 -444554092 -809314 
-283673858 -288063585 -576584286 -479246128 -520932 
-439951095 -391060208 -381020889 -543514755 -968901 
Translation # 42
-392096075 -374588131 -554904369 -585948320 -289977 
-404161206 -362752600 -648938019 -479473951 -747827 
-391380719 -316310969 -606777513 -498207282 -260020 
-341844557 -396705821 -469388224 -468526933 -507554 
-359697482 -228111098 -437603100 -566714612 -544555 
-362368470 -384270770 -454633610 -529789120 -696938 
-343689637 -269514787 -544087945 -513958064 311242 
-362644171 -334604504 -521982139 -608416224 139209 
-322835313 -288234548 -592558050 -408447350 -435026 
Translation # 43
-379104741 -302625339 -493957490 -511323383 -330002 
-393431506 -301681362 -573009631 -458289016 -4248 
-315114321 -422160725 -538035218 -621693742 -1477511 
-261964871 -275708876 -489059224 -577590375 779186 
-818620798 -752981496 -1280050305 -1502961058 -1121988 
-688479083 -785967921 -1256346732 -1478940852 -797487 
-909431659 -940242010 -1428315338 -1209754426 -460809 
-689239905 -666955292 -1220022526 -1245121585 -1695286 
-730395137 -604418205 -1306115833 -1550021829 365003 
Translation # 44
-882708786 -832707590 -1383195446 -1267441265 -129273 
-778512829 -707716984 -1252225736 -1383262045 -1092307 
-729184977 -650936451 -1081964239 -1367346054 -445948 
-1020190517 -575517309 -1407011871 -1192269972 44446 
-874493347 -791749838 -1372036489 -1279366674 -107627 
-959011645 -899532958 -1118263642 -1054221756 -1208696 
-841321228 -862484873 -1468950245 -1001560894 -531178 
-522689428 -610525255 -1077108286 -1082387800 -1031194 
-860171401 -912550689 -1157286577 -1236586593 -505428 
Translation # 45
-806700154 -994555611 -1315716039 -1189033544 -961763 
-529661976 -521059652 -1008790247 -1141014779 -100716 
-449865005 -537305608 -884925763 -759768934 -360519 
-608540035 -755078000 -1003396623 -1193846290 133389 
-538820204 -675942603 -993415598 -1045588514 -653564 
-449615254 -564715981 -769619344 -928704279 492838 
-652108624 -571625099 -1139378215 -961223740 -324088 
-518909115 -652821451 -1014219230 -1030601530 -245766 
-449017592 -561568703 -1073993196 -1027945532 -231188 
Translation # 46
-519810095 -560212827 -1065857039 -914381800 -607907 
-734260023 -671425196 -1054976238 -992815684 -911776 
-736326719 -563593455 -899444032 -1097669954 -1286356 
-561698622 -382565278 -1091772727 -963584912 -1051119 
-585741329 -535609914 -865312698 -1189305416 -340926 
-544786566 -609175575 -1107737643 -886349406 -693627 
-571610216 -436649547 -1245038827 -1113689191 -936498 
-606393940 -741648576 -876717938 -1044626803 -1008764 
-730542515 -744318385 -1072323047 -849024953 -108871 
Translation # 47
-658399985 -636647547 -913689977 -857670883 -178726 
-670695981 -633535666 -1078807226 -990537457 -662654 
-852674127 -778885910 -1316503717 -1225508938 -226439 
-853486852 -815806831 -1674439203 -1492546085 -742021 
-889243845 -735519392 -1265712898 -1458741426 -806922 
-1087557878 -859527754 -1311973610 -1398714203 -458468 
-577773917 -1029050389 -1279253192 -1135293902 -203506 
-687376918 -911121711 -1208401483 -1272858040 -1295505 
-773475726 -785478647 -1319914740 -1296313181 -260915 
Translation # 48
-854291425 -786252886 -1283147606 -1355135282 -720887 
-894381332 -850106830 -1158186518 -1428883779 -609776 
-680134582 -790813389 -1271465782 -1265140991 -256168 
-750513498 -806641863 -1322938597 -1128509267 -1375061 
-758828004 -808356274 -1492270372 -1472815431 -599364 
-787514492 -837198687 -1181432017 -1243086025 -1201954 
-593858070 -610117315 -1429762637 -1032730751 -1406095 
-845153749 -775335210 -1455242764 -1245311131 -1301004 
-596917185 -913860061 -1235882592 -1116609160 29627 
Translation # 49
-885301532 -757832739 -1057211984 -870730543 -877973 
-45653800 -58691267 -75870819 -55341237 -1177782 
-39173275 -42079901 -54649107 -63342460 -745346 
-31469704 -50053673 -56885003 -71408449 -849166 
-43787827 -44614150 -47740209 -76249724 -1384219 
-48237784 -34444705 -68331873 -66472696 -185363 
-37155351 -35991491 -81692450 -69863475 -991061 
-30407906 -47989825 -45424936 -61066098 -696699 
-36062258 -37761375 -59866784 -59387366 -240295 
Translation # 50
-28408089 -48189721 -58104856 -65941589 -749642 
-49700749 -44531159 -80479547 -65595567 -867490 
-48532451 -40574147 -63556627 -55471453 518344 
-40191768 -48430324 -67572060 -69932160 -1234494 
-53785597 -36732395 -72399246 -76508917 46746 
-46296989 -28188279 -76077240 -73176166 -142964 
-39863136 -33017035 -66617640 -64704281 -435030 
-46737223 -51904985 -62138684 -59030181 -1325701 
-50245609 -47681897 -64165893 -79323327 -232539 
Translation # 51
-28572004 -25763430 -65938607 -51941135 -867654 
-28850518 -55850618 -59970083 -438923173 -1582580 
-1239445332 -1547640707 -2025849264 -1922707969 -604106 
-1134601613 -1605026336 -2416998915 -2556132023 -581355 
-1311263567 -1283933893 -2193534521 -2031150713 -65967 
-1290651914 -1250474151 -1786832812 -2118562099 -633551 
-1146651442 -1133145510 -2050583309 -2416999138 -1069988 
-1208208270 -1504132942 -1918353306 -2002534021 -378971 
-1151516111 -1645053780 -1823240936 -2494182277 -93062 
Translation # 52
-872685149 -1331526950 -2002420357 -2064811640 -137789 
-1118239686 -1126135753 -2264459765 -2783495972 39328 
-1433907102 -1597922342 -2498823605 -1942745094 -1195785 
-1022942680 -1296356265 -2362344793 -1658393776 -232886 
-948468854 -1470526057 -2171214512 -2236556297 -636908 
-1042948218 -1226106029 -2044362881 -2157401349 -237705 
-763606799 -1604284041 -2051864076 -1844143384 -912370 
-1118597011 -1207409515 -1818645259 -2108105684 -797439 
-1301209337 -1541935750 -2353185947 -2878294961 128928 
Translation # 53
-2396912766 -2924263389 -4092612206 -4347912071 -194614 
-2933570389 -2832501670 -4593076528 -4739695347 -994424 
-2296386844 -2841117986 -4049052638 -4341925627 -235438 
-3198706759 -2358521360 -4092945695 -5092323322 -118670 
-1873235264 -2855725458 -4701657078 -4281513451 -999893 
-3171581354 -2823192584 -5463642346 -5261845433 -579230 
-2854850957 -3013614674 -4395442277 -4534854572 -794958 
-3287897060 -2884502754 -3768637477 -4435307238 -476660 
-2370979079 -2493640520 -5342842438 -5904212204 -836156 
Translation # 54
-2676095524 -2475295403 -3702794149 -4540976560 383056 
-3078279570 -2573617505 -4471150623 -5347288190 -1112204 
-2815476596 -3048800839 -4993258056 -5678178375 -1055672 
-2329159912 -3164224592 -4546134584 -5509769899 -1387124 
-2987710528 -3223289128 -4912705100 -5710096497 -1130036 
-2555456892 -3203645674 -4671708039 -4543407000 -506372 
-3347545443 -3179194449 -5073951006 -4717481700 -281033 
-2684017729 -2824025364 -4095976967 -4216816110 -1164197 
-2712305199 -2829663326 -3798337653 -3939160439 30091 
Translation # 55
-2575404351 -2194564443 -3379434623 -4280885871 -56989 
-2512371687 -2346141603 -3483910598 -3509240070 358360 
-2574413450 -1837927261 -3408835994 -4709755326 -140550 
-2350719899 -2702731884 -4420313137 -3377437327 -536722 
-2627273417 -2260290372 -3534869132 -3088993952 -218832 
-3154302426 -2349788529 -3647457592 -4286038013 -1200347 
-1666483674 -2612571533 -3407643403 -4535165287 -550075 
-2269935579 -1775926457 -3737252285 -5024523824 -921023 
-1846058048 -1583500016 -3995478540 -4827068540 -436001 
Translation # 56
-1827017443 -2602201736 -2845423282 -3883311626 -582255 
-1972482754 -1982934634 -4081447190 -4492499618 -634879 
-2010039857 -2481370063 -4007030622 -3358361163 117948 
-2246978116 -2937701149 -4574534735 -3555048595 -175898 
-2524861113 -2467277022 -3859796692 -4219015180 -1512302 
-2029251202 -2010013030 -2656990111 -821977274 136897 
-406719339 -444131014 -722041400 -621089562 -294905 
-395738510 -401618586 -804995973 -670700251 -1027074 
-613760305 -546020725 -533352956 -760763988 -287000 
Translation # 57
-547709660 -523166032 -775587713 -819637450 -392496 
-563646231 -506365109 -908015367 -672280232 -1095534 
-546691743 -441953557 -848990673 -698378883 -266887 
-477530051 -553139908 -655137126 -654718526 -45490 
-502335071 -317920576 -612745852 -793758348 198718 
-505737020 -536442402 -635442157 -740124996 -8050 
-480338440 -375742044 -762721251 -719289390 -1050078 
-506183338 -466792259 -731274943 -850553910 -904279 
-450157709 -402578438 -828904268 -570851649 -676985 
Translation # 58
-528880612 -421863054 -692067074 -715609636 -205590 
-548755688 -420221238 -802622482 -642799452 -677598 
-439579402 -589614348 -751250164 -868436413 -304335 
-365374521 -384665410 -684005034 -807377407 -636223 
-589893038 -435406968 -737430849 -867466526 -1802032 
-825991515 -1424010094 -2279080545 -2683428348 -1387044 
-1648360356 -1704021039 -2590617850 -2195985450 -1560108 
-1249103181 -1209546187 -2211184051 -2260180839 -809691 
-1323604191 -1094811751 -2369862378 -2812066452 -507964 
Translation # 59
-1600097955 -1509944110 -2509162896 -2298184151 -1216664 
-1410141420 -1282516100 -2275280582 -2511220471 -104097 
-1321497594 -1179464834 -1964520566 -2481050714 122671 
-1849336273 -1043864253 -2551279879 -2166003460 -428872 
-1585369926 -1435008668 -2491620512 -2319482083 -1225548 
-1737729100 -1629771766 -2031950788 -1913328155 -1675179 
-1523099655 -1562559073 -2662301998 -1818027960 -742223 
-946245236 -1105516375 -1950658510 -1964520169 -468462 
-1558701260 -1654161689 -2103337809 -2246788074 -713217 
Translation # 60
-1461415146 -1802664233 -2392095145 -2178123614 -226191 
-1286053701 -1261661610 -2458300322 -2779205724 -1200130 
-1091594463 -1306454190 -2159475590 -1846186032 125824 
-1476569275 -1833587963 -2441584620 -2906307282 -1017432 
-1310056962 -1642148143 -2411113701 -2546550792 -793190 
-1092192125 -1372882000 -1877849362 -2257374757 -145333 
-1584957727 -1388123689 -2769422399 -2340975028 -39587 
-1260818965 -1586980872 -2467072553 -2507316662 291460 
-1087339692 -1365526267 -2617692665 -2502479735 -486847 
Translation # 61
-1260994503 -1359899866 -2598909057 -2229559045 201656 
-1784763659 -1631240099 -2563723787 -2415026110 202497 
-1785824027 -1367049926 -2183215611 -2671208649 -616440 
-1363184389 -709769306 -707081623 -623813477 -908057 
-380441046 -348031116 -560213139 -771181108 -662731 
-354207725 -395632893 -717561747 -574192424 280125 
-370859890 -282993874 -807245663 -721342308 -1351292 
-394017230 -482110573 -568462689 -675508006 -1006375 
-474368434 -482130385 -694781053 -550107256 227426 
Translation # 62
-427012712 -413531052 -592213228 -554838798 -1367779 
-435758017 -410503335 -698363570 -469244337 -1228064 
-395312527 -360580821 -606686889 -565604959 -1119202 
-395969378 -377319906 -774195934 -689310387 -817530 
-410540818 -340045424 -582067840 -673322548 -204363 
-503913854 -398458808 -605547302 -644188978 -334960 
-267017121 -476716141 -590601069 -525021833 783654 
-318551945 -421239706 -556274803 -585131608 -450487 
-358866606 -364134241 -608170394 -598854272 -296699 
Translation # 63
-395666706 -364079086 -592102219 -625158962 355802 
-415271326 -393280479 -532698285 -659070204 -1189733 
-314839325 -365960239 -586576374 -582179255 -1734869 
-347316162 -373184943 -610427498 -521714385 429916 
-351202224 -373546467 -691466530 -678268286 -785681 
-364654509 -388667759 -546020011 -574389499 -1609060 
-275227073 -282333073 -658729804 -475905607 138741 
-391182517 -358763144 -1111348322 -2614741006 -515018 
-1251661359 -1916203011 -2598890530 -2346553717 -820570 
Translation # 64
-1854910537 -1588885185 -2222716331 -2097144694 365266 
-1797422583 -2418739577 -3320073397 -2401192011 -489079 
-1592292511 -1704554806 -2427187551 -2881210778 716555 
-1194028453 -2016967411 -2545637051 -2932496038 -367577 
-1704318483 -1730808968 -2085276041 -3113262700 -651262 
-1927478965 -1358325277 -2966270953 -2811194264 -45848 
-1449709485 -1455655835 -3425307383 -3127309346 -536942 
-1165269220 -1893369860 -1968880334 -2536983327 -1256335 
-1433526082 -1438757354 -2581775131 -2618025231 -466605 
Translation # 65
-1117594846 -1893351166 -2471861103 -2606965150 -246528 
-1973709843 -1715664557 -3338927014 -2882807325 -565009 
-1917901741 -1573919606 -2820325079 -2397563500 -1117129 
-1636681187 -1954716710 -2723447439 -3041859971 -950093 
-2073133474 -1430976003 -2996425419 -3293611051 -1023617 
-1805682447 -1087894009 -3262706218 -3132766818 -1085951 
-1608402491 -1322370911 -2973413222 -2758152503 -107757 
-1816991526 -2118830496 -2895807502 -2482417153 -177488 
-2085404453 -1909703911 -2649999794 -3389484070 -877511 
Translation # 66
-1758236259 -1590831462 -4558905796 -3832703574 69087 
-1979620341 -3519125741 -4078655056 -4453663450 -517925 
-2629400979 -3283849543 -4304886574 -4086185116 -11568 
-2405766613 -3406792225 -5134363239 -5424834948 -433365 
-2782850208 -2723833323 -4661349347 -4316031922 -1009141 
-2737937637 -2653513269 -3797804818 -4495816127 -1633390 
-2435308155 -2403200507 -4355742223 -5134494115 -138394 
-2564087105 -3191364581 -4078116886 -4251030297 -242828 
-2443111470 -3490734736 -3870855441 -5298180906 -571511 
Translation # 67
-1850070313 -2825634289 -4257854437 -4383534442 -1088850 
-2372557739 -2389400461 -4813846279 -5911066376 252714 
-3042747288 -3389886830 -5312089779 -4127432638 -1038410 
-2169899019 -2751842858 -5018484283 -3525703861 325567 
-2011264685 -3120532603 -4610555545 -4751095665 -85509 
-2211233550 -2602292528 -4340289049 -4581994710 -481021 
-1619303726 -3404556390 -4360796866 -3916638085 -1040973 
-2373227459 -2563401755 -3863865920 -4477042422 -907182 
-2759315996 -3272132286 -4998113621 -6116013676 -612237 
Translation # 68
-681682539 -140496504 -191875564 -206560214 264322 
-140243437 -134201637 -214033346 -223435245 -739734 
-108768401 -134854932 -190676210 -203807276 -695227 
-152749242 -113600041 -189969160 -245000725 -749058 
-89271927 -137760778 -220363002 -202070656 -1329571 
-151040692 -135036546 -258269178 -244416754 -426897 
-136099566 -143560017 -210726956 -210871276 -564576 
-157554711 -137546946 -174660828 -208336294 -576686 
-114691346 -120844743 -247889962 -275091887 -543494 
Translation # 69
-128689785 -119420415 -172629591 -214050086 -28413 
-146645765 -122174540 -209848347 -254582654 -354640 
-134838895 -145990971 -234404990 -268317152 -562638 
-111342680 -150481767 -212673343 -259117437 -526500 
-142929391 -152819159 -228892713 -271197898 -602042 
-121268394 -152934161 -218186266 -212201901 -1176246 
-158572949 -151511233 -237612171 -222758529 -688242 
-127160030 -136109117 -193919442 -197465745 -1006389 
-130073337 -136786757 -217775174 -229037389 -456758 
Translation # 70
-153518298 -129236993 -193749492 -245470179 -248477 
-147392439 -137931707 -960337121 -1426557530 -187461 
-1050462578 -749267000 -1386762758 -1918599686 -1462813 
-958429400 -1101116034 -1797512368 -1374521588 -388022 
-1070969487 -921691499 -1440101912 -1257160176 -397410 
-1284983398 -957950809 -1483855720 -1743815111 -1271504 
-679097550 -1064468782 -1387538361 -1847529502 -1208659 
-924334504 -724267212 -1519819158 -2044677244 -765797 
-753978879 -645767766 -1626079446 -1964100076 -860562 
Translation # 71
-745695894 -1061619429 -1156295097 -1581836747 -621331 
-804993944 -808698272 -1659864705 -1829906844 -500379 
-819496741 -1010435954 -1629160127 -1364497470 -730783 
-915897912 -1197643909 -1862111504 -1445762098 -129194 
-1029707779 -1005753143 -1570184213 -1717119445 48495 
-827525697 -819920809 -1556622690 -1739996154 -380561 
-860453651 -939224435 -1531631149 -1313629060 -186394 
-835791375 -847868209 -1702353415 -1423200321 -489691 
-1297421169 -1154390317 -1132123195 -453037316 -1380676 
Translation # 72
-33708962 -31828641 -45971627 -45734501 2474 
-35932367 -31000985 -50197952 -33839705 -287900 
-32463241 -26188294 -47327595 -35920680 -141581 
-28419191 -35113001 -39693784 -38608115 -1310834 
-31315683 -20298332 -32490371 -42898036 -102234 
-31361110 -32510314 -37329315 -43593805 528262 
-29437730 -24727481 -40164070 -39900197 -909486 
-31280369 -29176057 -38615423 -49193474 -492061 
-28148830 -24233503 -46842213 -33266061 -410750 
Translation # 73
-33299207 -27264260 -36195089 -39136183 -667801 
-35007596 -27910698 -43397582 -31811459 -789248 
-28167530 -35964745 -45000828 -52041039 -702002 
-23303693 -24652312 -38711766 -47084909 -632847 
-35442326 -25751005 -38701108 -50318128 -706191 
-25366694 -28279738 -41699869 -48220398 -1035995 
-31817130 -33371135 -48091144 -38234993 -597795 
-24135151 -22519696 -42693180 -39343811 -1190533 
-25424775 -21835950 -42509813 -51359660 -484498 
Translation # 74
-3346433236 -3157031035 -5249165398 -4805955218 -558175 
-2946598760 -2680090954 -4765554046 -5255865241 -1149657 
-2761788753 -2465352453 -4110976536 -5189444431 -661315 
-3865847870 -2183053522 -5334909546 -4534908394 -967670 
-3314281099 -2999767706 -5215009664 -4850066260 -760343 
-3632040745 -3406218097 -4254174770 -4003820350 -502595 
-3181651863 -3264718238 -5564043996 -3804096761 -163359 
-1976426819 -2309648792 -4076030719 -4111308022 -212590 
-3256976157 -3458293065 -4405731312 -4704095397 -1029453 
Translation # 75
-3053951608 -3768157392 -5010235285 -4556492193 -1077304 
-2688399510 -2634245812 -5145693082 -5815491996 -268481 
-2281093024 -2731219752 -4520519626 -3861013716 820137 
-3086272475 -3832525680 -5107213938 -6080950251 -695817 
-2739349530 -3432849369 -5037790405 -5329524688 325141 
-2282426711 -2870859606 -3931841778 -4721001558 -1224875 
-3313538179 -2902341991 -5790616304 -4897768477 320409 
-2636122460 -3317611018 -5160074634 -5244575527 -547822 
-2270581014 -2855645414 -5479339743 -5235345738 -1285881 
Translation # 76
-2634831437 -2841634391 -5440523521 -4667144628 201290 
-3732343992 -3410007477 -5360982108 -5050950126 -943649 
-3731241456 -2856320723 -4562582864 -5587868444 203301 
-2848862877 -1941161619 -2149277327 -917940496 -102861 
-558083539 -510436768 -824478865 -1133291410 -59624 
-519287238 -580895581 -1055064089 -844132649 215684 
-544587758 -415958830 -1186192139 -1060987573 -484454 
-578076858 -707082887 -835061235 -995118852 -235669 
-695970542 -709000111 -1021601297 -808873351 -279020 
Translation # 77
-627491132 -606417512 -870469065 -816638914 -1252445 
-639144955 -603383946 -1027833234 -691483028 -390561 
-579686382 -529227183 -892641580 -831320585 579378 
-580203879 -554030516 -1136856949 -1012852198 -1054864 
-603477541 -499470988 -857282201 -989566226 -191680 
-738699266 -583935363 -890372744 -947921811 -1585702 
-392254866 -699185276 -868071120 -770788442 -455497 
-467169656 -618361242 -818766922 -862063885 -84085 
-525616447 -533974879 -894969078 -879791574 134521 
Translation # 78
-580289604 -534006077 -870416787 -919162695 -460036 
-608289091 -577227276 -784674355 -969016230 -700752 
-461617920 -536985709 -862268294 -857094810 -1234305 
-649612202 -1652606762 -2712621255 -2312280006 480626 
-1554574201 -1656701839 -3055768735 -3024190446 -426758 
-1613440756 -1712535033 -2422157012 -2548674028 -71061 
-1215492679 -1249988166 -2934366249 -2119237998 -560181 
-1731153596 -1589387928 -2985621100 -2554049222 -689501 
-1222627459 -1872052497 -2538369358 -2291791010 -10486 
Translation # 79
-1812130718 -1552193114 -2170790440 -2048764095 -291550 
-1755663399 -2362517962 -3243533151 -2345325327 -722642 
-1555452005 -1665098856 -2371035466 -2814545526 -1056205 
-1166539289 -1970597796 -2486598033 -2864628860 -709107 
-1664935295 -1690928099 -2037087158 -3040972347 -109764 
-1882820730 -1326975009 -2897613411 -2746488186 -265224 
-1416287509 -1421832264 -3346041330 -3054833695 -785247 
-1138436325 -1849641380 -1923428690 -2478370776 -198444 
-1400384531 -1405551300 -2522374426 -2557314879 -1594299 
Translation # 80
-1091532270 -1849314180 -2414130496 -2546866522 -304720 
-1927706216 -1676020881 -3261697351 -2815533437 -1051504 
-1873544218 -1537665851 -2754913240 -2169467225 137259 
-1170600280 -1398191144 -1948053830 -2174108928 -622165 
-1483492857 -1023968811 -2142651428 -2354258067 -783529 
-1291778486 -778581589 -2332489882 -2239340202 -586209 
-1150367290 -946025888 -2124720742 -1971630723 -999771 
-1300177046 -1515218273 -2068567963 -1774858913 -135925 
-1491223758 -1365888029 -1895391770 -2422963120 -1079642 
Translation # 81
-784310342 -709496626 -2029245293 -1703874524 -363786 
-881126865 -1569187194 -1816049670 -1980653107 -575965 
-1172409015 -1463760551 -1915573564 -1818811900 -941458 
-1073154195 -1518187842 -2286001433 -2417755817 656888 
-1240255627 -1214822968 -2074595617 -1921168651 365395 
-1220918144 -1182925346 -1689853311 -2003917080 408516 
-1084713573 -1071949586 -1939086831 -2286082307 -249254 
-1142941578 -1422815946 -1814310477 -1893933091 -431750 
-1089141039 -1555861315 -1724411116 -2359443681 40664 
Translation # 82
-825557563 -1259172692 -1893652936 -1952868942 -1247261 
-1057677989 -1308596974 -3322478003 -4081811381 -794561 
-2101777847 -2341638427 -3666628460 -2849868900 -322692 
-1499042788 -1900748720 -3465074848 -2433416141 -294471 
-1389513329 -2155540453 -3183776730 -3280074798 -1065595 
-1527629333 -1797264941 -2997554214 -3163979230 -924683 
-1118559587 -2351324463 -3010033665 -2704229234 -103161 
-1639503489 -1770362964 -2667707207 -3091683645 -309308 
-1906496044 -2260158387 -3450980921 -4222189715 -870790 
Translation # 83
-1582396590 -1929958257 -2699507685 -2869122416 -17341 
-1936480851 -1868929699 -3029630470 -3127292490 -1291485 
-1514978532 -1874653426 -2671209232 -2864471730 237255 
-2111176255 -1557166396 -2699313562 -3361384406 -831889 
-1236125920 -1885239738 -3101617984 -2825077602 -1471742 
-2093090456 -1863106953 -3604994085 -3470305270 -476462 
-1883977147 -1988908523 -2901216384 -2990837705 -192295 
-2170249357 -1903700995 -2485335652 -2925955287 335315 
-1565574723 -1646552373 -3523829141 -3894142867 418790 
Translation # 84
-1471975451 -1361657100 -2034047140 -2495646134 -1506477 
-1692413795 -1414508630 -2456751614 -2939914582 -1219124 
-1548398191 -1676504739 -2743188073 -3120671612 -810504 
-1280398312 -1739298349 -2497333451 -3027178010 -235601 
-1643260937 -1771583817 -2698749878 -3138737433 -564374 
-1404892031 -1761307750 -2566521834 -2495833257 -534358 
-1840054295 -1747713839 -2787635273 -2592554725 -10163 
-1475272465 -1553206905 -2251030546 -2316704565 -141835 
-1491794006 -1556466903 -2565017406 -2661454288 -697479 
Translation # 85
-1741677187 -1483473773 -2282217058 -2890848684 -745705 
-1697714179 -1585479882 -2352503261 -2369582283 -592182 
-1740358237 -1242230871 -2302604651 -3182267916 -514378 
-1588755371 -1825989936 -2984862372 -2281410417 -432057 
-1775555471 -1527671483 -2388288249 -2086685260 -404046 
-2131174439 -1588498584 -2463256602 -2894667723 -1154458 
-1126203638 -1765144046 -2302371767 -3064508164 -509216 
-1533841038 -1200519896 -2523990559 -3393584333 169389 
-1248450310 -1070285224 -2698738750 -3260117352 -385155 
Translation # 86
-1235510138 -1759213376 -1921390549 -2623596053 -1344831 
-1333487750 -1340599220 -2756489504 -3035516690 -218310 
-1358344980 -1676504455 -2705927163 -2267197707 -273103 
-1518627719 -1985450121 -3242597666 -2688030711 -274433 
-1910534782 -1866429813 -2918866609 -3190786589 309052 
-1535412779 -1520635361 -2895824221 -3231106192 -939476 
-1596908172 -1743043535 -2846091821 -2438897142 66953 
-1551090856 -1572222159 -3159837513 -2644859963 -1465192 
-2408270093 -2142832622 -2104423726 -3000722275 218337 
Translation # 87
-2147084512 -2053049557 -3047488570 -3230285299 -778551 
-2207966517 -1987007094 -3580954899 -2661654177 -842555 
-2147226769 -1737382913 -3346121499 -2761972462 -963532 
-1876288388 -2167953984 -2572448256 -2573171033 -488723 
-1968777967 -1245890671 -2420809959 -3132708786 -266115 
-1981858645 -2106118931 -2498214948 -2910784570 -965718 
-1884904772 -1469073375 -3012226020 -2836333265 -196591 
-1985261827 -1829447387 -2888864836 -3347014466 -295226 
-1763882161 -1581204458 -3265811043 -2246325014 -364910 
Translation # 88
-2072425191 -1650673078 -2735488505 -2823138500 -60471 
-2149415927 -1642031253 -3166211656 -2546290401 -1175170 
-1722249326 -2313444237 -2951264406 -3412214954 -145073 
-1430738329 -1505032199 -2693653863 -3175275117 -234016 
-2315998826 -1710271858 -2913065939 -3413830663 -547349 
-1560860744 -1782786357 -2654080336 -3019408915 -622303 
-1854423794 -1916872182 -2914766872 -2470869462 53964 
-1405315575 -1360825267 -2487482827 -2543233449 -344308 
-1488731370 -1231561251 -2666750521 -3163932673 -643872 
Translation # 89
-1800243017 -1698709120 -2823480822 -2585724786 -615309 
-1586460126 -1442502217 -2560832054 -2825777394 -579747 
-1486511846 -1326764646 -2210451284 -2791254295 64749 
-2080654072 -1174296366 -2870258031 -2437589279 -937924 
-1783411129 -1614344730 -2803836206 -2609593377 -166439 
-1955015121 -1833539908 -2286335947 -2153169814 -38724 
-1713281599 -1757485260 -2994573960 -2045611426 -563643 
-1064460144 -1243345926 -2194351343 -2210909691 -242756 
-1752940418 -1861265975 -2367402067 -2528265329 -512966 
Translation # 90
-1643843536 -2027968655 -2691810152 -2450928800 -402883 
-1446923112 -1418993396 -2084486705 -2155273534 294466 
-847028837 -1013268822 -1673660911 -1432576876 -256294 
-1146233066 -1422855894 -1893780240 -2254049775 -92118 
-1016213600 -1274059376 -1871112754 -1974610706 -733974 
-847595228 -1065093339 -1455675610 -1751169740 -935661 
-1229657743 -1077252143 -2148596439 -1815073455 -554145 
-978347954 -1231240704 -1913197311 -1944404864 -1265077 
-844194602 -1059357417 -2029730717 -1940516090 -870344 
Translation # 91
-978356787 -1055239256 -2014859721 -1728383574 418599 
-1384588318 -1265596327 -1988793223 -1873255166 -703058 
-1386115061 -1061271264 -1694116912 -2071689346 -644616 
-1057887017 -720768586 -2062182305 -1820610193 -655318 
-1103392977 -1008429011 -1635404788 -2244323355 -409482 
-1025663204 -1148954831 -2090932656 -1672917883 5713 
-1077652326 -824627259 -2350074409 -2103262499 -720787 
-1141184300 -1397466010 -1653975536 -1975865827 -670182 
-1376059770 -1405501304 -2024666710 -1602971460 -1178946 
Translation # 92
-1241838770 -1199158463 -1725025651 -1621021452 -126463 
-1263932475 -1195710954 -2038981195 -1373365639 -215634 
-1145096311 -1046453871 -1769843451 -1647331137 -469887 
-1146131439 -1096019674 -2249454941 -2005412102 -1334602 
-1194947333 -987939562 -1702144816 -1960355640 -53006 
-1460581907 -1153746010 -1763819100 -1880957227 -1046416 
-776256787 -1381931777 -1719229251 -1525157171 -150490 
-923033366 -1224332550 -1625227561 -1712283652 -335527 
-1038243192 -1054525735 -1113991302 -971893698 -621779 
Translation # 93
-640895151 -589641192 -961648394 -1015441140 -661476 
-671112478 -637485709 -867132983 -1070551902 -912053 
-510158663 -593249485 -952637133 -947484276 -1668258 
-562957580 -605281813 -991274505 -846092939 -931050 
-569253671 -606109001 -1119639773 -1103352614 -638731 
-590667955 -628218015 -885915106 -932102816 -895997 
-445270352 -457543063 -1071022361 -773885579 -24302 
-633917734 -581629274 -1090323177 -933246806 -604466 
-447862115 -685591788 -925412231 -836767829 -1011172 
Translation # 94
-664083776 -568590605 -791322629 -747214438 -42247 
-643531570 -863861449 -1183066047 -855981501 -494130 
-569328435 -609634380 -864343118 -1025052330 -533919 
-428405970 -721147080 -905874122 -1047705541 -329108 
-610314329 -620024933 -742893949 -1112863934 59436 
-689484534 -486467136 -1057320428 -1003489818 -659360 
-518946143 -520181051 -792544321 -672355177 -738495 
-253801101 -411478652 -424777446 -548938870 -885911 
-311531568 -314027371 -556953832 -563654706 -682405 
Translation # 95
-243346630 -411698000 -533769785 -566671225 -1066426 
-428634077 -373878617 -722707615 -620905543 -511369 
-416881826 -342749822 -606825930 -517039392 -578482 
-354802263 -424288335 -590906338 -655643745 474192 
-451719964 -311777031 -649041977 -710517131 -628462 
-393086647 -236803077 -704150862 -676129042 -889660 
-348964104 -287117437 -639594955 -595761648 327535 
-395586997 -459350552 -620907326 -536523343 -490804 
-451361819 -414820696 -573613205 -731569966 -331427 
Translation # 96
-238921606 -216109542 -612383399 -511741145 -738755 
-266055891 -476841515 -548694571 -595634515 -943343 
-355882589 -444879479 -577814998 -548490316 -1085454 
-326961172 -460977325 -690763072 -734022133 -1431344 
-376531140 -369577113 -626156123 -579860099 -310561 
-371322477 -358674489 -508934818 -607854647 -1234417 
-328069515 -326267972 -585881713 -690807595 -13273 
-347112912 -432297030 -546660037 -574021351 -191082 
-331421823 -472372636 -522567284 -713316056 325159 
Translation # 97
-251815629 -382133314 -569689659 -591518573 -1017689 
-321422557 -323791753 -644801749 -796786937 -907143 
-412186796 -459752804 -712005249 -554886299 -831436 
-294365242 -372035716 -675286677 -472177265 -873812 
-273359555 -422550337 -621612536 -639059346 -446861 
-300562347 -351481402 -1144133946 -1597796815 176576 
-566319882 -1188709933 -1519059134 -1366273063 -360492 
-829280126 -895088706 -1347198545 -1562228011 206102 
-964594978 -1142977091 -1743211331 -2131583927 -436840 
Translation # 98
-801533075 -976549344 -1363414474 -1450040715 372027 
-979418574 -944898767 -1529093956 -1579936564 473679 
-765910672 -947589627 -1349317415 -1446735256 -552324 
-1067544855 -787784911 -1362076407 -1701103206 238552 
-625030369 -954110552 -1566100769 -1427371472 436901 
-1058210857 -942393516 -1821237919 -1751456232 -454278 
-952722396 -1005462387 -1467850531 -1509656674 -1093265 
-1097648133 -962504123 -1253880302 -1477935658 -186523 
-792631033 -833322055 -1778349953 -1965761119 -677347 
Translation # 99
-893923703 -827120200 -1232810081 -1513677380 -675831 
-1027460330 -858156191 -1489787208 -1784329230 -997632 
-940099873 -1017928869 -1663368682 -2665627615 157545 
-2131767684 -2895753378 -4160546313 -5042327337 -479676 
-2734562568 -2949691168 -4496175470 -5226151593 -802938 
-2338875012 -2932201354 -4275367200 -4158160437 -1453854 
-3063820250 -2909616743 -4643692941 -4317595549 -200730 
-2456479377 -2585077184 -3748527927 -3858835318 -1260180 
-2482456368 -2589997549 -4274191264 -4431479542 -668471 
Translation # 100
-2897239853 -2468703265 -3802428075 -4816620193 -5558 
-2826265068 -2639893169 -3919780003 -3948735541 -936907 
-2896029914 -2067657997 -3835471226 -5298809916 135768 
-2644502849 -3040813947 -4973613798 -3799899700 -92822 
-2955646601 -2542817252 -3976806250 -3475739096 -634825 
-3548339047 -2643730671 -4103878901 -4822073859 -420216 
-1874846912 -2939192649 -3833442408 -5102468923 -969775 
-2553842619 -1997976124 -4205102587 -5653222462 -306595 
-2076475971 -1781242117 -4495182731 -5430631721 -826985 
Translation # 101
-2055663631 -2927329607 -3202083026 -4368784849 -961761 
-2218994939 -2230964180 -4592469482 -5054439847 75953 
-2261295713 -2791430196 -4509108283 -3778745279 -174058 
-2528002860 -3304805159 -5146890845 -4000137612 -478371 
-2840157683 -2775353216 -4343034960 -4746935103 -546431 
-2282590452 -2261342887 -4310102489 -4806158811 -480995 
-2374630334 -2591622536 -4233906081 -3627218785 -388462 
-2306193153 -2337601674 -4698587124 -3934682944 -397834 
-3580348608 -3186363805 -3131155970 -4464747354 -442980 
Translation # 102
-3193123810 -3053225780 -4532647353 -4174084208 -736978 
-2538222731 -2284449178 -4117700806 -3061573714 -654543 
-2468881103 -1997318723 -3848023682 -3176892126 -1092538 
-2157622808 -2492190528 -2957710312 -2958667642 -1260774 
-2263622911 -1432660959 -2783850626 -3602632507 -991317 
-2278190637 -2421257426 -2872529528 -3346911703 -535793 
-2166828399 -1688943024 -3464236359 -3261476186 -1223066 
-2282465114 -2103402559 -3322399932 -3848585386 679843 
-2027832769 -1817945720 -3755260149 -2583235918 -731577 
Translation # 103
-2382961292 -1897868316 -3145756457 -3246417494 -499373 
-2471055134 -1887680798 -3640760787 -2928838012 -104299 
-1980250411 -2659871766 -3393038797 -3923522046 -65224 
-1644723440 -1730535650 -3097838496 -3651066284 -1192604 
-2662804693 -1966418528 -3349742487 -3925620678 -641170 
-1793898306 -2049543741 -3281930051 -3865011934 -629306 
-2373139614 -2452886189 -3730565362 -3163346820 -546571 
-1798344519 -1741408193 -3766537777 -3978641518 -994272 
-2327666415 -1924758205 -4170401514 -4947768020 -504422 
Translation # 104
-2814690017 -2655724961 -4415013953 -4042403740 286089 
-2479281384 -2254846469 -4007699427 -4420402999 -323859 
-2323368224 -2073732651 -3457483116 -4364955907 524368 
-3252153192 -1836296650 -4487659851 -3813768763 -514829 
-2787912827 -2523389216 -4386152096 -4079888467 127526 
-3055512485 -2865560518 -3577475210 -3367583595 -327126 
-2677117988 -2746571455 -4680828021 -3199488980 -654384 
-1662832615 -1943164982 -3429179514 -3457953243 -1152470 
-2739685121 -2909504600 -3705076102 -3955911711 -193224 
Translation # 105
-2569052927 -3170069685 -4213081284 -3832943788 -1104729 
-2261640100 -2216459483 -4327774088 -4891700412 -1068348 
-1919055647 -2297796366 -3801804475 -3247932940 -1235243 
-2596303472 -3224167659 -4296150828 -5114738386 -712449 
-2304604842 -2887826732 -4238390873 -4482506807 -1591289 
-1920029279 -2415006215 -3306769082 -3971399428 -449306 
-2787324875 -2441351594 -4871368039 -4119671864 -450486 
-2217599546 -2685916183 -3877129082 -3940562536 -52519 
-1706995950 -2146248669 -4116364965 -3933698352 -236008 
Translation # 106
-1980522328 -2135843205 -4087189181 -3506127129 382620 
-2804797363 -2562896736 -4029054042 -3795711199 -435183 
-2804651310 -2147282764 -3429237369 -4198437218 -46898 
-2141231278 -1459016310 -4181039231 -3692007641 -175209 
-2233650124 -2041044172 -3316753301 -4548187002 -489519 
-2075900273 -2327069802 -4238237607 -3390091525 -870894 
-2182619227 -1671640192 -4762600791 -4264057514 -642082 
-2309679882 -2828804538 -3351373886 -4008926289 127667 
-2785907663 -2848730671 -4104356547 -3249198435 -500753 
Translation # 107
-2515654514 -2428121642 -3495613562 -3288199571 -445539 
-2558715825 -2422779311 -4134535798 -2787166378 -334538 
-2317963548 -2118885766 -3588914452 -3338574798 -838007 
-2319948331 -2219707649 -4556674748 -4062748037 -791141 
-2420719014 -2000363939 -3453203587 -3972723447 -1588020 
-2955696483 -2334474753 -3574492198 -3815344001 66706 
-1572345689 -2797169510 -3483245335 -3089522965 -1403052 
-1869011410 -2480336054 -3296011067 -3474716134 -667737 
-2100800756 -2133917751 -3281136925 -2793113536 -178767 
Translation # 108
-1838327920 -1692182882 -2767255785 -2920639747 -890920 
-1922552785 -1829968393 -2500610752 -3080231535 -919675 
-1464079486 -1701973454 -2742008551 -2729671003 -816672 
-1615966093 -1736816445 -2850822487 -2430234610 22856 
-1633865637 -1741345821 -3211473593 -3178561679 305293 
-1695704980 -1799727563 -2545550453 -2678677888 -384725 
-1277437681 -1313814294 -3084251381 -2227513703 -437623 
-1819428636 -1670240507 -3138230113 -2684577713 -344634 
-1285066675 -1967378104 -2668241585 -2409213342 -451631 
Translation # 109
-1904253788 -1631340966 -2282208829 -2153501580 -1584866 
-1845010275 -2483050164 -3409067466 -2465255297 -556532 
-1634914018 -1749840346 -2492441143 -2958630737 420205 
-1225815255 -2071104636 -2613580119 -3010553176 -887319 
-1749578847 -1777290501 -2140980376 -3196098528 -991807 
-1978543245 -1394552068 -3045894451 -2629625223 -1276886 
-898138380 -901052017 -2119702762 -1933417397 -668118 
-721990363 -1172572034 -1217910578 -1569995623 -517701 
-887657450 -891605203 -1597194458 -1618930803 -703625 
Translation # 110
-692442078 -1172650320 -1529247052 -1614367720 -259281 
-1222027869 -1063058744 -2066332296 -1782616884 152898 
-1187953687 -974864893 -1743833262 -1483121731 171510 
-1013236087 -1210250882 -1686350605 -1881665165 45847 
-1284533475 -886595431 -1854523547 -2037251742 -2425 
-1118414456 -673899507 -2018327024 -1937793892 245873 
-995786500 -818969751 -1838284681 -1706413125 -1079580 
-1125571964 -1311745332 -1789337824 -1535739826 -465349 
-1290682581 -1182388010 -1640139503 -2096833778 -888226 
Translation # 111
-679097625 -614502947 -1756022897 -1473974519 -854191 
-762550206 -1358568186 -1571458529 -1713461448 -724806 
-1014610108 -1267420958 -1657618079 -1573525708 -982802 
-929310176 -1314578534 -1978292799 -2093087597 -841103 
-1073801481 -1051609530 -1795281115 -1662763629 -224449 
-1057024520 -1023932373 -1462162311 -1734750516 -854908 
-938877554 -928317015 -1678200822 -1977990940 -1182414 
-989355401 -1231702043 -1569979944 -1639490640 -1081661 
-943246763 -1347087265 -1492290698 -2041618616 -210170 
Translation # 112
-2003780852 -3060441469 -4612111777 -4748412280 -23242 
-2569789702 -2587929636 -5215066557 -6402841242 -115093 
-3295631119 -3671943756 -5754278618 -4471312471 -42311 
-2350081737 -2980764598 -5435992866 -3819505922 54373 
-2178254888 -3380000436 -4994089914 -5146370996 -945526 
-2394748233 -2818230788 -4701305309 -4963624725 -1295239 
-1753642988 -3687930861 -4723790322 -4242268787 -1345350 
-2570590573 -2776378435 -4185211412 -4849748146 241568 
-2988912629 -3544387612 -5414179679 -6625215485 -695503 
Translation # 113
-2480581850 -3026398985 -4235571729 -4499625537 -742492 
-3036327156 -2931259642 -4754200980 -4905450017 -1166326 
-2376651346 -2940176814 -4190346295 -4493695296 -1691493 
-3310251943 -2441055914 -4236187978 -5270133627 -48014 
-1938721374 -2955548392 -4866248158 -4431510888 208921 
-3282609780 -2922107757 -5654718336 -4683070362 -225452 
-1914103709 -2020466657 -2947864015 -3039223658 -233119 
-2204868105 -1934377338 -2525381928 -2973130522 -139892 
-1590662365 -1672860522 -3580222966 -3956892107 -432037 
Translation # 114
-2087241010 -1538843159 -2812497244 -2786862231 -1143679 
-1992493595 -1777687087 -3250326346 -3332064625 -503715 
-1725925332 -2153870815 -3628090158 -3310240301 -1124369 
-2036166893 -1904576432 -2942362288 -3537463274 -155338 
-1956355254 -2194408147 -3462169045 -3734386296 -1028617 
-1976020300 -1917187255 -3316827862 -3122219415 -1231457 
-1898043245 -2111725532 -3470059598 -3472839011 -1443790 
-1450857386 -1862445059 -2965405756 -2808838025 -1193104 
-1851483863 -2022955564 -2789063739 -3387016851 -586622 
