192366 273705 
742800 -159173 
498493 62060 
365401 367338 
-84266 761699 

-641116 -240572 
708299 42622 
385970 -55428 
-327676 193407 
-178308 179405 

-666716 -636105 
212259 254976 
-216483 -150950 
1415 -335168 
14445 -201535 

550237 -374406 
-533579 271853 
610748 17427 
79488 -706963 
-347974 182899 

385767 727011 
-949609 -341632 
830828 206362 
-631874 -347480 
411948 -228262 

-318631 -96513 
-431681 -485098 
-268615 166432 
86555 367490 
-328417 -57255 

-278580 248039 
-302198 -341066 
24724 -249051 
-231824 -199092 
531833 -779655 

504454 761 
-590684 419940 
72461 -816404 
72761 -408533 
-202171 777443 

427153 41889 
-528314 176036 
27174 108522 
-538272 758560 
-208693 30047 

289071 -755974 
-242891 323140 
219302 -249750 
-265960 -28737 
-17926 -28188 

816917 -323940 
687958 337881 
-164507 -605837 
-15154 -121815 
-218227 633321 

335744 -234204 
-125682 -207780 
121478 -334376 
822290 288603 
-669508 879271 

-471881 69153 
305915 -121413 
366203 -29162 
-11235 39955 
-278911 -699161 

-701322 115261 
-170469 -294065 
100098 -555556 
662671 148671 
-218008 271704 

-113237 218004 
493872 -199392 
-112488 316212 
679130 -238919 
464115 -879033 

598198 107397 
902661 -115787 
-56943 316139 
195547 -68178 
-127554 45398 

329684 -152278 
92752 -53866 
-814949 -55919 
292167 -125256 
734190 590844 

-9995 -318046 
-607640 105745 
-518187 114927 
-388127 160943 
-771837 -122483 

-38449 335417 
686145 169900 
267239 294330 
178543 800695 
-578116 640746 

744776 606980 
-206351 -120053 
36762 19835 
211317 -162472 
195920 254601 

63442 -65281 
-63446 838843 
-389321 702277 
95662 346129 
-46230 675315 

-302041 -51215 
-318454 719296 
497274 -615896 
118684 675817 
-218940 57213 

-815201 395981 
-749249 39724 
2962 -232919 
-213084 446671 
39411 -70425 

-628647 -222389 
236439 -303962 
-367404 747230 
165597 -293440 
294324 397596 

-947311 152413 
400536 318056 
318472 -265765 
355357 16432 
-800628 368983 

240371 638208 
-148708 249309 
-471552 -414665 
-1442 -799353 
197686 84212 

24614 447524 
281926 -727758 
695980 -465304 
35803 -187776 
-537550 -120385 

-243632 476927 
-451620 -456392 
76392 -551254 
225135 -484861 
-234274 903737 

310129 -78142 
62263 -35512 
-318513 253023 
401731 -422828 
250450 -198832 

-543446 443387 
334686 -261521 
199277 842948 
407584 6110 
186003 178079 

-575958 -552600 
693218 270943 
-528902 -24704 
238915 411138 
-308968 31137 

147500 -679533 
-235081 570327 
24416 190844 
155333 166651 
-580326 457629 

-46289 -46430 
242325 -689094 
463738 215231 
125019 656065 
237941 282072 

85790 -292147 
-365124 54653 
283811 -157740 
131649 363934 
-416445 824867 

680533 54030 
289659 110207 
382346 -461773 
-109151 -359096 
704878 -688319 

435459 -283304 
348406 189752 
143322 123788 
-230690 133175 
-1231 302116 

-28630 541737 
99838 -877402 
-525466 -241382 
-551493 -317820 
596391 -132704 

276035 -526153 
-731751 -613978 
575150 738166 
-723607 440217 
11525 -502377 

35549 57634 
622176 521207 
-313928 -609293 
-762096 383956 
-752614 -763327 

149325 -151818 
185992 -267189 
-29219 -733970 
116460 -64360 
-639540 644254 

157453 -743050 
-302834 -823019 
-350896 -49801 
464562 691609 
-68531 -34585 

486623 -401447 
79355 69997 
-17491 -141336 
-38800 152228 
-388721 724527 

-346509 -17526 
249371 321660 
131508 624272 
-203517 -117655 
-235144 247967 

-440089 -254230 
486368 72328 
-750691 631737 
-816085 183534 
423224 -766284 

-367402 812313 
-344675 -195053 
-156252 393375 
185381 -880779 
410866 -203339 

-159089 434901 
126607 -141563 
61955 -95303 
-595631 122119 
303394 263745 

351538 -410259 
-337930 381911 
197997 -678446 
-833483 480632 
505088 395027 

-276308 199030 
256906 618206 
-520662 -415698 
13648 -378666 
11581 134663 

295953 256533 
-584379 342753 
-222345 216674 
-444289 -484145 
-94399 -442816 

378652 -55828 
180954 -269810 
17561 -104697 
-431903 679631 
-722786 -443167 

-99794 -547122 
558307 -225490 
457188 -532224 
-464274 -88214 
694518 765647 

103892 441326 
657477 263659 
-42819 -115408 
-531030 143252 
486005 -746866 

207831 134411 
-611329 274223 
-46543 -480223 
-486639 -181935 
-233680 -774608 

-108751 -53023 
565085 585767 
228977 22272 
475150 589269 
537191 -354466 

394531 -308053 
205943 -12224 
30595 509939 
757263 -464344 
40968 -420957 

-127522 -641509 
-154870 338105 
-428215 -352914 
639818 -255203 
-44393 -289281 

633186 437103 
566285 -304779 
220071 -829623 
149065 47419 
208126 -285849 

-344199 51631 
274264 306592 
117193 480206 
275997 -392746 
294368 28076 

-237650 619165 
47380 127760 
291199 91127 
440919 -352676 
449618 -402912 

-203519 277693 
-607879 82331 
-446297 -467095 
-35577 -363660 
-355492 116600 

-643842 -361604 
547012 844434 
466243 -158620 
-288226 724068 
727242 -13963 

-106989 -80111 
-286217 -20028 
-811672 -320247 
-460946 24652 
249805 139008 

58766 -536316 
213402 42213 
-237917 221569 
-500738 250752 
-422939 96802 

370740 -713109 
59793 331277 
458768 222819 
187753 97982 
272928 218413 

344863 -47197 
-347976 -194406 
575459 -209779 
251166 111020 
770193 -676000 

85174 -882149 
420802 214726 
773291 584437 
-147749 -167944 
-31005 -652746 

837326 391875 
-397405 -764127 
48121 -260656 
454286 -187554 
-385306 514078 

-331241 -277397 
-413070 -474012 
-49471 -121462 
-668418 -561049 
-372629 -524090 

31655 -95916 
-414745 -195054 
-437045 816929 
488520 437506 
302558 467404 

-260189 14177 
-689729 -237480 
147826 194097 
176850 -244050 
153355 20290 

722078 -341295 
184693 1290 
31611 32628 
708175 -62358 
-667468 309009 

686158 135404 
545618 364860 
440242 594566 
-666795 -740848 
-353117 130873 

155694 745230 
243054 226936 
-431621 -676839 
595462 895504 
89601 69677 

-543518 339851 
-463106 124823 
7318 -772114 
-658859 -431495 
-10544 -202223 

-353281 7009 
73238 192336 
323209 -425622 
-842549 297735 
371868 236474 

-628122 -108412 
-363182 -23350 
-93276 396224 
-280063 -3674 
-102461 11220 

-534100 -290607 
-186931 441470 
-722249 473218 
-140944 -362142 
-579072 217881 

-271046 655888 
332679 -88264 
-460132 8832 
493624 -467140 
451945 140342 

360303 18775 
-452524 383654 
-404301 184293 
-513885 100832 
64165 80241 

273282 292851 
135680 -113860 
27083 -183648 
3284 177858 
15100 530065 

431339 102325 
769646 -41133 
-29438 -370696 
870603 160293 
418999 -577492 

-157106 70499 
6335 100676 
-255228 -694311 
-241787 -643282 
224021 340471 

-883083 -578504 
-335435 -625653 
452904 -264967 
150845 120200 
115705 177929 

752660 -687462 
-419579 -92885 
-670377 133983 
-558065 244610 
-119311 -580 

888550 -489127 
-330743 -366678 
332914 409629 
490145 -177103 
-6047 -150609 

646864 195719 
707385 526664 
409748 142166 
80014 -625417 
552512 -416583 

64764 181733 
-384000 -179845 
6884 -672207 
-69247 132933 
-54576 574287 

-667936 -73041 
-550642 109485 
208957 556081 
-380660 25519 
370472 -530334 

-138791 -406643 
40845 398989 
585477 182614 
-41124 225460 
-731524 -334509 

-396596 -174063 
293093 65180 
209937 472938 
-17594 -208038 
-116128 -125791 

326777 -36785 
827523 455870 
-518611 259783 
-236736 -229304 
-443652 -186546 

-45939 738681 
38914 804923 
-296906 31575 
697837 -208962 
-809973 -184729 

367912 -61537 
607233 541975 
815686 -827567 
-724183 -231865 
645371 726988 

296320 39081 
22480 -359806 
125391 -323892 
603409 459989 
-505049 -134391 

273442 -171514 
191332 -171292 
-366592 -110831 
-372149 326125 
-863903 587470 

736963 353423 
598744 -470869 
-14488 176633 
402741 443536 
14909 526326 

-476848 102334 
-23057 171372 
84564 -372313 
-394793 -588584 
51610 -936837 

-69180 522460 
141653 80581 
-588371 277750 
-668872 -203406 
668051 -476872 

279065 -149568 
-402883 468527 
-33336 618785 
120227 70792 
305599 394161 

28559 -949558 
-620437 394454 
10938 -484564 
22141 373540 
-194423 -52225 

-733562 -702779 
882147 -11312 
617770 -123961 
-636613 -451410 
629171 -189872 

368013 332623 
-668086 74046 
-150392 -129686 
489098 -518518 
-715201 284515 

162324 -804875 
38780 886352 
142900 523345 
-15148 -515747 
-658559 670190 

556354 -165690 
-545335 306441 
-237610 51314 
205140 -355463 
-795721 -343450 

120545 182205 
-49632 -203412 
-18974 405344 
131531 304273 
-306893 499544 

20290 -28911 
113296 -349035 
-8287 -19406 
-195197 542718 
-4258 -370957 

-284380 -412873 
-251984 133104 
-658912 525435 
-244930 -313670 
93101 -79240 

-44103 886602 
-97502 111147 
314856 -632828 
-493045 132651 
516491 -218425 

-193562 -486884 
-21348 127593 
-507174 523915 
-105734 671825 
163760 512232 

653027 287806 
208566 171236 
-427814 -163907 
362880 -36364 
-60428 229777 

119908 -491488 
-7980 -233717 
373918 -681223 
-149762 364521 
-32220 752737 

-560858 29922 
-33961 -238068 
59390 -571660 
20744 -557876 
547858 -716331 

255977 611596 
-219216 -973800 
-80618 204004 
-110476 631576 
-141113 618857 

-424768 232806 
178208 -927005 
188048 298116 
-546015 -574529 
597327 905413 

148525 627718 
299209 207914 
98136 118603 
178030 53630 
-418494 219554 

-475507 -12737 
-629532 -616620 
-427591 188734 
-160510 -163159 
-785066 242520 

-197141 153564 
449165 65732 
-112476 -786488 
-383815 60104 
-393881 -54299 

146161 -185176 
-143234 -538016 
-636153 384365 
515614 651492 
-13384 518443 

-58582 563551 
-444589 -265156 
3558 182545 
205754 311886 
-140593 202218 

-128023 145111 
-536716 -188127 
-305509 -420512 
292981 837494 
257587 79469 

