301094 229052 
512255 389562 
422681 411319 
246529 717432 
386733 532715 

101076 834493 
781460 161694 
597663 814217 
844830 326236 
157892 874027 

896823 497616 
13061 497535 
720907 802091 
806325 506990 
944462 460541 

419384 761908 
205946 931639 
151470 628627 
342958 914351 
862411 246044 

963418 479839 
80537 261231 
641534 678200 
591800 2716 
520789 749692 

876743 417612 
247308 406157 
431500 484567 
724600 754177 
507910 669062 

214719 927294 
430970 420665 
375286 98792 
565644 234596 
529496 428055 

480640 492914 
907895 561178 
754145 65781 
755730 862297 
68497 276519 

611989 461593 
210484 375649 
384102 158336 
860217 108702 
912513 368127 

294117 127232 
811773 725087 
64249 187059 
340232 629893 
421656 869728 

574301 902296 
878994 998548 
979826 149492 
64329 251909 
11789 649178 

44780 623779 
627123 255264 
999428 11225 
929952 375997 
636280 842466 

260476 446749 
486050 588602 
171836 550300 
775661 28420 
696545 713669 

898148 787198 
132318 293495 
785746 628496 
442987 366427 
880405 454776 

15606 925186 
594907 642729 
696802 110688 
170307 626755 
3037 322939 

469221 263514 
769688 955271 
852116 457876 
21923 144129 
2649 234821 

857799 900797 
22019 506469 
194292 807766 
134965 153631 
174193 15371 

608408 706151 
940557 719667 
865233 153711 
830355 551892 
780466 833393 

874831 249687 
613259 160871 
721311 465375 
135099 259586 
125856 137748 

494407 983655 
38546 32779 
6476 749190 
356897 141442 
419174 47442 

673165 27582 
753594 130074 
263601 618827 
283785 93957 
170719 64252 

443702 561902 
830291 56961 
722773 67954 
38688 857872 
327541 164544 

995621 338300 
664552 550519 
371079 671028 
816061 727976 
328822 235235 

291771 1987 
779169 45365 
132061 559123 
180544 415847 
653080 351263 

996451 613134 
429517 826742 
186447 668642 
894697 225135 
42866 222238 

906031 554839 
76890 570583 
621710 964322 
757964 437772 
208650 86786 

189359 500421 
605126 484881 
545786 737187 
44004 242682 
669386 213436 

593945 665837 
826570 539814 
492580 13017 
208456 903629 
754504 251323 

642219 660535 
806162 719109 
231119 427873 
683431 505435 
381997 892082 

592221 87708 
908855 197347 
572589 970994 
450887 132945 
213676 120273 

346381 323974 
302463 689303 
863788 795043 
702320 588597 
698672 973176 

839920 340891 
633712 162434 
576352 381183 
106659 776136 
886618 5008 

184570 995191 
92717 93425 
708891 181658 
64419 159778 
314604 278096 

796403 177337 
602070 98866 
866641 465858 
410261 568961 
570807 625285 

542138 410727 
482528 692202 
89514 58881 
73385 712525 
835017 960003 

717534 19587 
471546 326603 
629364 180437 
24613 693784 
340215 339217 

971880 652971 
32907 90302 
751837 899548 
72512 678451 
984861 643320 

303736 43351 
570399 786265 
735553 176265 
361498 808938 
888791 712867 

285293 122677 
732454 756840 
965632 361818 
937277 990245 
571954 793845 

845815 60186 
446816 878722 
150488 715005 
778270 739353 
393456 763131 

382673 213545 
322835 953072 
516162 58388 
645690 877660 
383679 534481 

590527 668972 
173510 839333 
942164 139142 
717503 395794 
645739 805810 

705991 491554 
865996 669159 
886628 532837 
384164 181250 
272190 293973 

460734 654863 
23870 783569 
124287 540032 
841957 769977 
934044 225636 

820810 40923 
410961 994320 
396608 869477 
649814 114111 
781623 295554 

919921 487614 
303460 302270 
156773 706441 
835107 57290 
887691 107297 

867615 348425 
278512 891485 
648346 919151 
947869 6656 
205481 398265 

232292 542643 
439188 159605 
536964 352148 
545435 703130 
466259 327058 

998684 902533 
814673 818497 
721155 487798 
524938 556262 
545088 412629 

179911 412703 
277407 974775 
820540 925753 
893926 284761 
932409 615759 

199378 681054 
158403 154918 
357011 695367 
507066 902446 
914849 489678 

229505 429886 
908563 560530 
248383 629718 
48328 773321 
185980 593417 

702302 882243 
522472 496061 
857018 859365 
938167 267296 
660478 386928 

883056 859857 
67982 41459 
14775 941346 
253178 521842 
360144 168027 

527872 589649 
597913 436435 
666531 362648 
66153 714860 
135969 768485 

824629 354624 
650728 863453 
850685 507746 
722818 788852 
291394 899649 

175781 174450 
759506 760115 
215909 290633 
217813 985439 
328827 577958 

153467 856699 
683959 267732 
293134 350491 
630381 359287 
581703 282702 

644124 406332 
637326 294852 
269785 4364 
318950 508956 
309568 610345 

924957 1701 
784795 684463 
278169 517057 
491448 495982 
502496 820276 

590292 172315 
193327 274252 
440048 2814 
141095 586781 
878453 722798 

869483 522578 
645482 23162 
817430 431619 
543878 652733 
940575 853446 

779430 865532 
371500 80577 
66347 166021 
597634 74148 
178355 616483 

410776 768648 
788798 120455 
559252 745198 
123269 216699 
848331 1723 

455849 717815 
524301 101331 
257329 858083 
532950 801207 
27168 989878 

171005 806598 
371762 58857 
887176 954462 
224878 1162 
544962 403234 

617645 955738 
688234 922796 
76193 247486 
184346 199463 
464185 32678 

717538 920034 
266845 241839 
537717 524174 
616274 587019 
841733 643443 

576897 12738 
450041 465012 
587948 337217 
419474 812826 
338380 480788 

216060 472377 
436526 420646 
911525 29071 
668132 95872 
744886 648669 

128550 462424 
85055 395395 
704263 139124 
435921 320538 
726144 277654 

480333 303041 
806744 930374 
284405 394692 
783944 220231 
207519 638676 

701019 939931 
111053 137545 
360578 22579 
682969 545062 
634803 427855 

710084 763353 
890280 795139 
675100 110895 
934264 627373 
947785 660408 

905027 428118 
479801 711771 
358493 280559 
622816 142437 
500790 830335 

781113 201810 
286618 408518 
855707 163548 
947449 538676 
708611 582252 

966532 418695 
861957 373164 
730186 53409 
484059 180802 
680782 948197 

357562 585809 
376315 353716 
813933 251160 
634275 436749 
909949 135065 

783436 691062 
853227 70054 
615933 708935 
233603 563382 
763963 458566 

145635 246847 
393613 523944 
620011 640151 
577354 620423 
820954 258136 

568620 694868 
360298 944935 
48584 174231 
196096 199211 
127332 106045 

850629 910768 
313460 703856 
497174 445745 
412791 730777 
525479 693107 

705695 671114 
939954 615660 
711411 559966 
255812 288765 
180389 593118 

546901 265361 
287986 907199 
726648 852923 
597782 439096 
52134 725114 

61494 902763 
635882 891306 
606620 133057 
337051 535763 
380186 862530 

228870 602234 
49997 168825 
217894 761408 
245143 473706 
50173 941884 

583176 113426 
207245 871163 
536978 450245 
240438 134760 
889342 808924 

376227 950836 
711688 12109 
842142 834660 
661518 179193 
886775 558057 

558075 631998 
160291 608072 
800823 378185 
885832 562318 
368244 452357 

504202 467772 
82136 227799 
855287 619114 
678044 95725 
270226 567386 

904650 646453 
34574 132690 
174915 876716 
967350 352785 
572261 370477 

910842 130337 
2475 71133 
254761 319650 
965671 140594 
881968 850267 

109303 902522 
318039 191439 
130321 173327 
326905 324718 
785404 597132 

408456 690054 
759937 443031 
822744 934852 
319747 306446 
287638 892009 

676924 714832 
538698 679399 
785966 793459 
999050 267989 
450405 397370 

118256 76061 
299893 436295 
267500 430214 
125974 594406 
271284 911379 

707890 679741 
601433 984179 
122772 940530 
435384 442519 
763328 239374 

850880 956604 
954206 389578 
636004 740172 
699390 151406 
8161 666147 

548776 642769 
742208 365021 
595417 9709 
311588 721391 
120467 582872 

632770 344709 
262613 750556 
328888 385385 
207438 764272 
344257 970766 

3646 195137 
927371 957853 
101068 79727 
214377 800458 
747485 738891 

466605 812613 
381660 208814 
177635 977077 
734875 489223 
698469 371694 

588447 847591 
716403 851061 
114499 45291 
752798 321937 
809564 97055 

809056 813210 
292193 252779 
287415 909613 
332506 501793 
710071 596343 

240684 693028 
408956 138696 
418194 102943 
115774 153069 
108518 330595 

524763 696966 
694538 757518 
548027 809038 
802810 300825 
647327 128726 

914233 456383 
941936 722778 
709162 745704 
632391 558020 
247497 858814 

154363 4533 
551842 79672 
143229 486389 
182615 775355 
155810 291134 

622302 196926 
504452 316841 
954444 52479 
642231 757254 
869656 289558 

885980 783889 
262294 344269 
506667 487808 
89973 655410 
45829 337470 

514224 716544 
858355 582419 
796216 1584 
68808 495184 
293292 740970 

302670 915594 
937896 807122 
748787 892341 
375953 391018 
649595 761961 

196929 51928 
545851 975575 
396197 568870 
463383 2522 
740633 25564 

856344 254857 
742109 714699 
353628 54677 
232635 938788 
549861 525927 

679759 368883 
441522 617655 
176005 190309 
509996 68310 
97680 675944 

830272 810961 
727872 892475 
786536 640421 
977697 249919 
642943 718330 

791836 499287 
489540 533945 
213986 843168 
104974 446621 
781957 654836 

972549 461716 
540071 930423 
595723 232429 
120732 105720 
300739 734764 

781664 647363 
545725 25888 
539838 332261 
666309 33888 
98533 309252 

752218 890369 
324891 241758 
940666 538877 
601279 45640 
501850 899588 

