390933 245300 131460 947306 207091 
93254 114308 823213 290003 274858 
547398 973455 589740 729441 927782 
364946 229146 328368 760267 779966 
571824 279681 876667 784348 62075 
444875 603271 683204 89269 587005 
399266 480203 832305 530726 427509 
555748 623980 58170 378962 430335 
333028 926360 920142 922768 172154 

847924 287714 401300 176293 564333 
697618 264469 360367 574285 565169 
422442 535512 168440 621998 624782 
271797 537616 104985 104103 68342 
48846 176203 208674 107016 71517 
639010 956396 514230 559152 879164 
686384 407077 683230 604036 99722 
247564 301655 364191 607931 392292 
929361 546725 927805 97801 685076 

552587 369599 222692 173924 990054 
807387 739122 682609 16061 362491 
754127 171423 318887 268357 730576 
714404 471093 654005 913986 75129 
753727 161550 893136 634270 285833 
285429 563631 348911 729586 177785 
550339 798525 63736 773031 488801 
53790 96770 227923 736399 112832 
106766 6878 800607 942006 275235 

47535 656410 262680 701540 570396 
854162 971619 248299 747298 122242 
50484 549079 685873 399395 278665 
863658 949734 593542 927394 239118 
82343 497536 335888 826619 750288 
965072 933385 757166 765680 875391 
548754 813215 48153 811434 31108 
618550 665596 519079 383201 929247 
641321 433685 478326 843547 349433 

273344 223557 815519 866886 150952 
54637 465582 164840 906878 292201 
431480 388302 741938 188647 153982 
617330 253753 483550 181835 581539 
31010 800385 763488 66441 699938 
692735 707763 649976 171061 67662 
999409 960757 291219 331280 343996 
442171 902270 809578 123364 809148 
101779 554844 197450 843717 259843 

867785 977399 513596 867687 159235 
95136 415049 475972 374976 481490 
692263 67711 189253 342239 755124 
256915 858000 715882 64487 189280 
59878 506658 91550 869456 146374 
417050 487587 217571 614501 847656 
477414 998638 341408 507363 382677 
16995 118851 797726 492967 493827 
279216 701582 77890 984822 43821 

833014 758089 901821 65248 822576 
607454 125126 845587 699004 510934 
991961 116055 514873 725884 246908 
878882 719651 761898 220290 227014 
144575 237285 862217 942301 246604 
872396 221517 948187 950286 206339 
508360 299652 964429 926534 364901 
303357 533988 490027 148944 749344 
517314 657258 381751 548539 383142 

628659 427421 102793 390557 647711 
846159 535132 401348 224728 993785 
164305 97124 215303 628844 563762 
421642 137204 863415 902423 580090 
228316 205781 630430 234695 871077 
896127 268361 528335 277878 816901 
911478 422890 244322 530623 329799 
408386 376783 864932 326086 117863 
375069 490391 214988 590372 119235 

295102 528367 772792 674869 947142 
869234 419537 669275 499665 170585 
540353 395792 438946 68688 190022 
772199 980166 612912 532874 27142 
942712 941260 403925 323996 783698 
38140 699065 274090 253128 805790 
909677 64583 334157 682469 739452 
281299 551704 158990 950575 567721 
329575 490928 479865 284873 75968 

669887 57073 572487 799152 106299 
599629 258216 563911 519906 582212 
347609 558046 797629 621699 327527 
603419 47729 908462 453928 730198 
647914 735228 798254 323256 202155 
882327 169183 209435 362192 454057 
801755 548432 27482 374242 347584 
133781 973871 122152 214044 10129 
704364 561653 568176 18345 699705 

412055 621765 747434 320517 75693 
993984 484783 327273 308591 808040 
45780 190918 977223 255215 69463 
947632 56971 134247 491466 947565 
998183 141599 437789 120335 355643 
447918 824699 433649 532446 843044 
133354 460853 981161 397140 781370 
573207 391124 266154 900480 216067 
590546 946261 923338 84121 717828 

992801 548106 291151 127048 39572 
755069 641583 181172 192858 761918 
53167 640776 102969 486816 689575 
462365 136522 150428 443527 533662 
448151 16734 441139 230657 433566 
657206 821203 896179 580544 421676 
130360 89697 969782 937863 733097 
9355 692932 374680 706879 885790 
136598 276398 42919 239567 763215 

248846 701933 899737 399274 661812 
949752 363777 194898 390891 594434 
144816 564449 931989 40996 661346 
353666 687708 751043 839800 625571 
493 365507 318504 375173 588738 
720646 28124 865137 279917 784043 
144704 528763 485976 560793 444390 
664140 510545 808167 859038 417788 
918954 520207 982238 367295 561203 

643584 720961 765263 910979 77114 
390834 911472 442621 225690 286646 
31360 462689 831122 412849 742606 
615165 557553 271370 617494 118346 
715760 281634 145244 40279 657025 
563032 959233 177232 545270 326529 
254787 705206 563842 20050 616186 
157308 927236 527658 599930 669279 
330656 147642 131968 161778 560491 

874574 776944 118044 662296 394438 
752742 894408 192424 897986 934688 
365801 461019 410273 543033 6289 
253154 314172 227848 333349 334222 
844034 490657 777811 371692 90587 
447090 702349 238229 579058 380479 
315072 969984 157423 433116 632281 
68213 185859 526689 776990 83845 
977729 142791 61216 904355 202177 

583858 157509 516349 811706 490858 
366924 655740 497868 661087 27432 
588455 108177 246133 343037 203587 
626613 658109 173571 300388 607578 
322204 368602 793437 365246 661944 
393634 342975 804735 454851 763682 
6912 38709 921192 39614 366767 
928402 922890 22507 426270 583977 
566291 531078 692154 812425 390467 

412093 955390 564928 585664 255778 
172506 424221 140732 482295 789467 
802676 392282 648794 607412 363485 
412477 130676 918546 850021 686642 
285313 294775 609532 307820 721046 
709861 874111 768476 402015 202888 
158943 330460 158278 723871 916125 
414057 412730 856698 554789 411377 
646165 357466 803659 811311 481230 

167144 223788 128258 85690 590161 
814901 371003 884937 940785 678823 
122335 650647 69287 890811 569014 
272175 566106 899475 430454 806329 
331952 844511 219059 188650 915652 
630437 834815 789470 950448 162478 
270700 117593 902619 915311 719635 
492780 730212 90639 894069 670997 
285814 16404 837996 871453 907215 

407011 143629 989673 306486 574083 
796003 154790 934946 15062 343440 
366950 161851 694607 156421 112300 
857085 943473 746245 759704 858784 
465880 768837 105348 72871 662906 
292698 358686 679311 130694 230139 
102878 54057 890120 92552 876895 
980555 888555 31685 431853 903617 
375125 798804 581821 69732 471577 

694121 443170 931402 440366 202874 
790187 422598 971711 411887 495470 
150970 704585 370508 830281 351632 
116999 933159 405689 7120 25711 
282585 987675 430618 314270 935881 
850588 205748 734685 432409 791832 
722614 642882 235002 654016 83248 
954229 444203 22198 442292 372443 
517668 593262 77028 888176 423543 

428660 5176 873055 350702 528648 
415118 149639 32675 845737 463909 
968556 696325 186009 219593 645086 
977842 942207 287968 212844 596224 
887568 683425 556779 909766 125718 
929222 427435 235332 522603 831963 
175228 467615 353491 48283 818317 
882139 979753 967956 914815 825490 
948218 399723 38167 650579 619317 

199605 628421 561524 487573 357618 
674100 375141 557395 747232 801260 
683113 192806 745047 434798 715409 
93362 610026 183025 446854 174661 
517694 845345 154414 2003 276512 
496257 466573 676236 534424 117152 
811905 250382 261926 889781 737955 
619544 563882 629449 176939 827466 
947061 376405 20272 692108 811203 

735682 785470 421229 435059 748676 
112242 952753 594022 266656 471108 
870534 762913 937681 63122 813690 
571186 875027 64072 833112 764809 
318379 452656 845043 947828 145947 
672509 894889 38704 692781 103349 
849907 944815 888820 787488 379874 
637496 899730 848980 747870 682739 
320088 134757 445652 774122 197879 

775694 345308 589259 839766 178420 
354068 158146 147428 715463 622326 
809727 387972 33568 848432 597105 
136917 214691 541921 542089 518532 
921795 695938 934614 287127 443808 
617353 123568 578565 579358 897690 
292797 355052 759350 882056 711171 
937770 236124 385669 601550 951587 
7995 927629 855911 557915 776061 

453016 694833 507105 994937 236922 
25637 433085 932860 960251 720212 
376669 93957 843780 471586 673315 
257822 764383 28367 17172 646439 
739538 471294 398915 125207 589196 
866854 649555 516826 722765 207470 
809239 692134 418655 316344 203423 
655578 341981 152860 104790 818585 
389425 997811 912542 749557 469398 

585857 7380 750133 130576 540904 
912925 870115 12199 311840 511674 
117747 695047 677581 634573 417812 
401404 443813 626298 820059 760157 
829722 991989 618491 982582 96780 
953428 888359 94591 865970 637917 
80341 968179 645297 830475 98755 
702553 743400 485222 714752 571592 
513249 832500 266639 190830 983425 

200804 108586 427238 343454 928646 
703748 173176 436987 838591 672111 
533767 792019 560470 144711 174341 
198387 225052 658872 360036 571879 
757627 62590 831631 759202 293694 
403224 272451 642546 186215 979633 
625972 903371 604572 569562 246826 
49570 273310 420002 486557 111901 
608465 20325 420272 685288 165036 

110965 400027 906440 769837 760064 
478320 43817 339006 309951 803019 
632700 229527 591822 275247 415743 
87807 417571 319114 692379 987133 
565940 741949 260444 502295 228507 
888697 627112 765184 825322 312400 
446572 936287 712428 869364 706125 
988844 347684 749942 327850 173988 
69313 476902 403515 661135 268501 

335610 748942 686072 654725 957674 
189558 737017 699623 450002 755664 
444482 855051 382777 726018 196725 
211529 688942 133013 440309 558307 
839138 429153 422343 105432 273355 
596331 174745 750258 516199 352232 
535111 851809 617526 221184 506534 
575200 410742 759904 791176 377096 
515568 752010 748499 414697 478029 

945225 626227 683323 78238 66536 
757982 433728 12042 180326 55512 
285397 293009 746609 35655 809208 
98841 570767 661018 232719 308303 
167552 324272 235397 443808 115448 
128845 959377 867458 877344 890426 
861839 338921 33005 61515 933511 
99542 819497 367239 627936 999823 
939103 913333 292833 685712 465341 

618393 300905 552460 279411 49977 
860763 963316 374249 612512 407124 
489697 741357 882853 873507 135053 
773280 251699 473975 806285 313214 
407486 422179 132711 291078 50115 
648887 230181 479801 458072 432246 
945142 76465 249503 497602 355877 
299480 874717 319193 673729 487229 
242669 679778 744938 125523 69638 

879991 415155 321337 353966 737792 
150903 277805 159972 283614 568883 
726439 448853 315416 206240 906925 
264014 667734 499743 513518 165336 
855620 329350 556405 691165 519432 
43634 933834 199210 304924 575709 
268848 184916 990864 106537 55234 
728657 257440 333039 404981 57407 
418274 647772 506260 733691 370365 

929538 997705 38099 429281 27575 
203436 801253 356926 759841 492418 
876358 319828 942604 75568 624752 
518314 860769 326020 25530 967306 
381255 754187 741099 714294 675520 
798506 132569 323293 304766 382612 
693658 234304 380317 731757 663585 
407893 451545 464838 281171 727739 
473608 157529 47567 416213 749449 

188671 450879 610218 514692 476409 
93877 412299 746949 834976 642945 
422469 149834 291866 745762 454600 
674478 955772 205257 571148 203882 
385194 495393 171779 366385 776564 
899518 839993 934093 463437 772558 
683542 168461 223437 810113 683153 
216199 420342 611804 963148 255318 
254749 385617 921504 546616 647732 

376104 221094 119856 581361 308594 
323738 482908 803987 11870 849293 
580551 911388 205638 30996 891178 
978197 714539 59639 717986 41004 
259144 450537 461346 870948 413685 
233016 125697 315655 154520 188665 
963387 530624 409760 599595 628338 
234706 439686 627598 38694 451556 
476891 619245 362944 682529 166594 

254122 177078 881133 830113 411417 
438489 89257 861954 899835 476557 
275640 132851 602255 591295 803723 
307272 71034 850699 717032 670629 
479037 951739 110315 622987 506785 
561871 99878 642382 441168 298760 
808976 211642 475838 206461 41756 
403607 644950 647365 265562 544785 
123923 541202 193988 242530 648849 

997711 549802 236235 848411 783187 
906864 843800 251278 533532 466788 
758063 611755 83018 400445 52923 
381778 725774 780918 373969 932235 
822674 777576 577186 986391 559490 
638323 110314 617044 832312 352844 
265893 346375 418999 502128 711138 
202186 925345 554939 453464 458877 
538079 211527 70632 621097 128324 

639908 519228 854098 420826 409549 
302686 759852 703477 879872 746243 
262968 518195 372910 880012 866859 
725754 662258 213235 144753 680738 
440725 863291 606083 995664 316755 
581312 50095 44634 168297 671193 
689311 808205 706773 543409 745383 
116322 846095 505235 336151 242319 
767830 599119 276867 140740 995484 

143726 382847 174094 873313 43952 
854832 314039 907244 977268 826055 
223999 558580 876151 784986 243229 
63696 474297 567786 770469 534058 
313169 403143 380154 334756 255646 
138825 102587 371118 415692 759679 
882954 75771 142526 57048 949084 
186479 428232 779475 93723 405500 
121883 834074 480433 998034 619060 

240014 61730 609709 807801 348551 
143768 120970 268046 40274 455727 
523692 179099 74666 411162 594792 
834345 294116 186915 976872 351164 
652351 679703 779397 431827 289778 
701249 553710 123852 698034 68096 
259265 938049 646178 868974 745850 
511081 12742 866820 295479 569368 
838899 819171 748468 913565 230334 

859612 747911 40802 46527 241135 
391967 698878 920838 687716 647057 
210616 388965 717119 850820 87000 
301567 110085 25049 947745 495412 
287251 975178 24506 154071 270657 
593875 509323 89829 858695 422888 
836515 718307 687151 877317 281186 
928286 785636 496416 365476 473352 
659826 92444 378670 376945 943265 

982022 678513 569702 523423 142610 
65114 810674 117789 605973 481097 
388446 716200 990420 994627 574895 
413309 347494 809554 616812 741164 
607092 61451 43152 103508 426927 
516505 763334 519372 411527 656632 
462637 393549 851497 548691 916972 
510459 130158 727646 628248 736131 
725095 533047 452331 715516 44026 

27226 645177 391521 353132 261989 
649037 960224 323440 692189 63732 
266720 725046 343419 786092 136573 
516403 765081 46474 367900 830124 
963446 878359 960282 207444 22960 
696413 932540 556007 665096 648056 
116385 208674 293233 24258 561806 
71574 673295 522030 395015 881837 
102115 178087 606883 961886 480531 

259809 478289 761964 306283 362541 
592088 269730 240900 552371 993526 
780212 765136 926066 852571 430233 
90474 968957 638907 900059 993215 
200714 971634 182863 239096 883001 
64700 857563 61088 187935 819449 
541619 447744 814090 303583 754028 
176631 412023 540110 933884 964394 
533636 714096 729531 976055 566668 

159764 582881 51977 315023 482941 
45192 515737 970927 228055 271186 
853928 292755 128749 431368 480691 
464551 489339 444787 278641 309274 
198815 971625 721297 255277 905509 
685692 305266 135957 931575 797673 
218977 607691 380554 270954 922714 
863495 316147 438452 834422 60554 
225990 204702 869662 871091 636070 

866705 335642 125409 311492 130636 
951035 26660 618613 672333 798289 
524122 874377 103555 176431 805952 
901228 395409 413643 798135 666363 
336357 661630 982510 291161 12405 
559417 33503 217107 429079 904595 
369530 295784 756589 11291 607276 
403577 962327 150288 22190 151012 
948578 62664 25389 52133 239096 

347693 469714 150857 277688 267849 
817220 130397 445831 316083 421559 
974588 875500 971414 708048 304579 
876009 77578 116715 148951 605221 
240343 552528 83900 390632 91071 
234912 339210 670087 776653 907695 
425535 124346 893761 576392 918386 
161610 393613 48784 123794 226048 
986695 98382 101548 958109 806430 

922479 350471 400360 555546 499422 
5582 795889 568302 605834 702873 
175725 840747 558435 845813 133752 
466131 787700 774451 876244 364093 
692837 37855 274058 741621 678001 
500106 728316 776383 118006 202778 
99166 556837 553249 499526 112383 
569023 21460 424624 653677 627295 
127498 829403 984394 685933 191568 

118146 152064 979268 408949 28309 
859713 101787 582516 133771 843408 
776869 150229 88077 69604 268235 
290855 168770 341424 844104 184649 
453807 929479 722461 878432 583156 
866108 5930 928911 366854 208215 
636831 485001 360280 132452 410302 
904941 992165 512089 3809 642289 
355498 297030 792518 959927 366634 

577106 250782 51757 918530 611238 
752758 888690 540717 475219 283474 
123873 341328 289404 569137 708182 
497619 205968 709535 374251 854772 
119838 795544 363290 148279 315705 
5579 20129 612735 314449 980056 
495722 407907 230838 547479 842790 
842076 300237 731480 899145 291808 
14954 23019 149488 820710 108508 

857671 834681 830828 83558 725285 
685601 719748 520829 48891 868028 
352887 570822 888157 481974 401623 
868214 494048 809531 615404 41527 
652321 973833 858116 900153 872978 
666277 431459 412349 815765 252169 
520857 673436 603202 351686 273347 
328487 553639 993095 365669 118882 
377475 718556 206056 265633 716882 

607679 650199 210931 933562 265603 
768810 102235 239436 143279 2388 
628767 809556 433847 41116 625321 
202368 561974 815110 805571 430012 
88457 134058 500003 597904 16079 
618885 975380 734635 341293 757365 
967870 948972 407564 695153 398887 
673167 463963 501122 428956 607242 
19863 57723 933150 970062 615191 

558472 172431 177165 373582 494354 
123529 978391 144764 139884 576295 
160844 275121 68027 411831 616414 
825392 379701 565387 232956 74854 
964274 422476 55170 981748 367784 
178764 1611 941859 111915 971674 
557050 670387 660457 250568 560321 
671163 890449 55064 815927 30334 
631359 976771 305455 215739 904955 

921870 41131 801008 3609 790440 
875863 967883 729268 447385 465983 
97052 626149 467595 555263 738064 
955621 112313 924803 132430 362881 
485124 803593 253331 540188 619520 
283665 687900 112644 105472 419991 
17599 27342 461122 334959 30951 
767914 210822 515186 13534 174559 
981170 110586 800709 965117 182201 

55125 437090 294515 979929 569520 
173748 981405 889465 943431 521594 
25337 743448 725846 137981 848921 
145837 671932 876263 123311 6892 
423567 407578 734066 938753 421112 
424978 436275 48051 225687 401392 
230252 280812 838482 41119 777093 
924354 214868 758499 813819 158299 
796445 839157 901748 522291 493490 

750669 184480 681775 143284 307791 
205019 566851 715369 939085 505605 
652834 364063 941880 700885 106102 
859625 931137 903267 698107 972257 
680360 138814 703477 438859 952633 
861776 751656 791790 279876 273947 
801633 546897 458427 483408 690182 
282571 688427 257033 514292 143864 
278990 167126 24280 737223 868011 

130382 596848 315501 550001 811307 
804110 746714 950121 507587 185573 
902755 885715 453582 210897 681944 
727529 12530 228841 702309 495938 
919023 984880 700717 692409 499172 
844582 487751 666299 868862 224974 
50662 515596 338174 882515 581950 
149482 686625 328664 615955 710564 
30589 518710 112632 484171 245960 

794576 211701 258490 539769 914010 
270781 975145 415242 487850 183906 
430766 332432 671657 97065 717646 
896632 664080 749595 234806 546595 
331545 900640 749573 660209 516596 
976489 690798 551658 89121 174970 
797618 400049 903023 572461 456171 
333385 359594 431316 748627 847444 
615222 179393 696229 286879 792811 

413875 699863 973243 163470 451022 
519838 495015 868014 785763 671576 
384610 762253 362375 452621 367726 
53697 250239 767776 956720 339052 
223947 290105 214998 171615 555084 
62443 303189 250829 275024 590068 
559992 688899 806284 533235 852370 
773658 569426 863737 641672 355189 
535314 542635 117442 414041 995256 

485169 467738 761847 769297 424458 
617252 993244 230915 832250 681211 
302351 411045 984400 69532 686069 
90820 629525 891321 413456 162760 
743691 187114 248538 123780 345139 
603728 175446 887774 721170 589487 
399382 206339 57225 677581 975636 
998035 294833 485232 745302 643436 
682795 47653 54481 667195 633538 

256903 274368 263063 148224 687824 
942175 408267 391291 190714 532047 
736430 794442 707494 140556 31964 
296981 56290 238304 870559 733871 
730292 868594 28705 215525 613897 
672141 898320 177902 242974 81868 
811440 499877 356236 590855 164453 
560412 49383 572720 951703 240097 
621120 204485 550891 328614 345041 

582855 141947 401331 337511 528858 
135203 67804 397453 680260 799681 
527702 868753 214353 221956 111727 
296221 33397 127957 168809 140604 
808762 729222 189987 381483 197277 
430084 2603 401763 497327 847569 
746804 80183 505868 664488 934046 
34727 316043 1850 948532 512655 
801531 476234 381408 15885 214542 

9487 828458 247939 137444 997268 
904896 946207 242842 94883 844042 
440119 41320 362997 841882 538647 
726918 105039 135182 232786 285879 
69229 783865 118274 587431 732397 
630929 388963 724983 12337 921200 
939526 21824 749658 703817 675621 
263278 608713 138180 506120 219949 
498574 462592 261269 861571 820826 

316268 588489 442217 967803 337627 
244448 553384 121493 362722 140815 
853890 993651 46130 95226 5988 
483682 34752 544165 233341 254921 
736138 12971 379987 390670 35444 
599936 889244 498036 377557 750815 
835214 210177 855656 277432 694332 
193283 521880 247716 314776 884603 
904884 685019 394606 467366 780245 

916947 951049 331349 977464 184390 
586270 713602 713713 966257 104272 
749157 82545 993516 763545 460102 
260683 598760 186632 116339 392544 
880964 309622 914424 645033 140751 
315379 549917 825770 226338 17283 
122367 143285 968332 453716 120749 
669074 556338 350703 382788 38948 
454975 648297 121493 964843 411843 

97948 741878 10603 800932 858217 
919499 681896 684191 350275 326929 
341294 665655 876846 683416 408345 
410482 805783 551630 895166 775851 
188731 564241 848542 539434 463381 
887490 510761 628030 525335 991956 
39873 139635 733834 566828 940567 
108403 486327 622464 792594 836603 
465745 650241 18610 858944 333657 

426955 269426 139441 494937 680944 
431644 200020 761537 280186 739454 
741270 167676 766567 369301 209364 
758523 409174 348999 8709 492355 
805919 117112 495034 944735 909706 
331637 410480 76299 866599 269424 
409957 809906 55202 65750 304843 
252499 497394 504863 14036 777581 
760669 755307 461609 43588 124608 

670973 802111 50134 536325 327172 
542489 342244 444284 37524 286979 
870343 885513 213811 946642 752113 
999588 356599 562019 571142 422349 
383215 823641 436096 404430 837678 
730029 165100 109337 191638 208688 
233945 378964 527152 800431 431641 
854324 342921 773885 298609 896797 
577216 685304 298662 791027 631946 

50775 790615 504898 129147 361758 
443599 28714 701751 879695 433144 
539429 609724 598244 165118 317715 
323285 399063 213031 366789 715847 
644672 737465 575120 934909 36074 
471917 512125 721378 770579 819504 
869677 337707 610120 374575 983206 
488230 818174 11920 706333 697870 
445064 762115 823946 559661 927233 

658013 882946 842649 871044 766087 
558496 32068 503552 133616 966977 
55979 121885 479102 293709 408816 
298607 163386 262875 425079 537961 
246081 429661 872488 774353 135994 
86710 735770 898109 910656 295431 
825343 85022 694729 184344 956066 
460816 742840 988135 964368 392808 
955112 20347 514693 950567 314057 

439861 765526 477443 702737 190605 
531757 465170 136618 404245 239524 
788964 490955 975294 203426 917963 
270725 545121 2985 965454 729465 
475404 942622 472305 463539 906990 
381465 935003 927338 896158 401922 
241395 336019 167448 235190 555108 
874405 766947 20279 11023 171192 
776155 316340 662147 751449 519766 

96463 538526 64887 99448 20332 
794352 574852 962954 783009 554743 
869944 164474 489747 313634 576984 
891669 555029 429355 575470 790220 
984464 449875 73519 4743 977251 
244712 780898 293591 423211 48699 
329709 519674 103577 394596 135475 
123909 188948 710327 603215 488309 
265071 989511 652783 271170 303146 

229767 679191 374527 175474 254661 
681099 159938 220889 754619 681033 
714492 515683 978283 8083 938894 
26982 854144 974921 130559 248740 
110396 770820 954040 337075 374035 
442349 602146 879899 611484 389668 
183045 357603 68860 557572 533077 
323521 238672 693016 60762 993291 
890401 775254 25326 868685 299689 

964220 412019 153833 455493 58931 
402573 82241 346103 872965 419317 
236491 315314 537815 116390 926798 
927484 299435 284401 996344 373359 
817479 836217 128383 26847 413332 
638026 433600 188586 663352 302285 
488276 143925 230657 158461 599418 
805940 77387 681660 152043 950352 
617329 388534 265667 155144 21276 

708817 598980 837063 993219 595324 
210423 327050 947894 338806 870249 
361226 493185 303849 66164 156537 
122487 554440 300462 353144 229254 
416233 675436 306641 614245 827479 
256993 231574 732366 522660 903070 
753642 231478 502051 590706 741049 
613727 801129 68099 561621 656287 
454700 439199 149472 758549 505364 

822362 881036 576156 122824 750532 
805410 55409 425968 112051 669654 
769800 369045 901228 502166 408057 
320651 255808 155887 822702 362866 
896936 436429 680347 481387 514403 
852987 936087 469954 2459 210989 
975318 341173 608377 67827 463998 
358910 873237 519407 301230 501641 
705414 71030 387038 606642 89548 

795095 443645 345357 467335 266347 
224575 364271 219129 904923 362011 
249884 757910 814450 719838 276721 
25439 211509 617895 150169 279336 
598245 509079 668925 634004 326661 
170566 339418 397692 557604 462413 
487240 869052 906058 348949 336387 
688758 89877 217010 907887 994800 
95373 674123 752710 909824 910313 

545783 451615 121822 163678 601784 
917510 278275 627215 586436 912280 
953877 757002 251698 867921 830959 
714111 871513 700011 136522 736815 
552750 825280 826692 769760 249519 
337844 865134 923642 90554 291310 
833955 152689 742925 472130 832720 
861062 389640 110995 488277 976076 
23275 958506 249431 791326 342779 

80390 505437 730645 296753 158311 
467460 365855 983591 810504 135615 
233110 148348 517101 156752 755254 
808411 507060 907943 67689 979190 
740663 928751 368830 851659 933380 
344907 391286 408239 110690 182612 
751018 707432 204402 998015 4185 
362713 465475 370040 346305 275979 
22007 95767 940679 55461 768872 

695933 863872 275932 603877 447913 
255122 860892 893016 140304 228903 
826397 1563 620190 750988 112253 
319154 18358 819685 39908 16374 
340222 402622 998201 226614 265279 
274181 248622 361046 731212 304083 
129918 427146 684307 922202 547375 
132221 177324 408267 541589 317629 
637171 884338 835544 773713 635326 

947798 92867 653685 767483 132776 
186411 624058 51750 184612 850672 
833381 975145 615646 194427 706358 
436081 840698 133504 120389 762900 
680879 768962 456577 605498 310551 
290558 242669 194890 126102 532734 
346568 73900 141954 253 357736 
791082 703016 498146 842832 887629 
348818 676213 862774 964465 386992 

85484 400546 227690 218988 37287 
506943 416219 322601 963520 21718 
633153 254078 780739 344395 896532 
829826 690963 970433 971780 207569 
844521 762862 910585 342667 122046 
314566 207837 314611 693693 172302 
217955 779177 89201 445646 514518 
642840 468941 447089 965442 948813 
468807 114947 202891 765899 459342 

615775 595725 666657 102560 83857 
874226 947081 363071 301164 806100 
485117 615730 13938 316080 309423 
702592 534035 88601 308145 496033 
119471 950986 964974 566560 432780 
913787 551720 547727 633030 833971 
523421 248806 429696 190078 351366 
29905 580657 814800 392976 881821 
620900 394445 497551 151190 710525 

806975 853783 760912 411928 678280 
256946 531399 145618 738272 97959 
578398 652060 166031 642477 801442 
2 682250 566600 946050 872329 
917967 975955 969338 249119 885283 
851159 386371 279728 348710 537562 
506605 672037 907697 267518 83965 
585977 524464 131716 247948 262736 
746028 826346 431148 912059 985176 

748943 912062 667426 315543 858112 
56107 749862 350420 25445 998981 
235703 876604 385353 515432 741667 
439267 538389 413704 346964 322259 
14022 449293 846723 662090 697241 
625812 408118 39940 573312 320178 
541468 322255 748592 208894 637799 
606704 781354 387661 473476 806799 
902995 709180 199756 804700 740964 

457775 243967 279353 387831 107283 
601613 401853 72928 964688 580296 
286522 106852 988414 842814 680165 
824944 384282 518772 89888 593176 
672923 212945 890882 60585 686421 
214034 479932 395601 413790 284632 
136565 871565 44951 932271 259396 
668586 533884 177602 741514 14924 
274250 28036 121777 262664 870850 

318294 603961 255132 837066 693849 
364661 26342 423146 771895 603279 
109568 985929 83211 21521 916071 
884195 158087 787636 929146 606710 
563385 597732 656946 257339 855598 
671870 531589 883635 309999 310605 
270837 144645 430918 42322 498064 
641120 923335 524406 64266 695230 
127685 690186 681160 210896 711708 

113583 95091 869795 901220 540589 
992857 980957 138321 649803 754648 
993919 321673 802589 393906 148025 
629546 181096 292670 60465 223418 
790734 217937 663105 315140 798555 
874687 442825 488742 72199 653721 
200450 185783 265164 586597 87003 
805753 579454 584312 460426 229257 
855312 970698 67282 657901 364604 

215307 803799 545700 507978 864264 
285470 298712 598553 948575 613853 
397109 823263 573030 885851 895462 
743104 602653 81245 8268 189250 
684600 330374 285056 785264 790800 
514313 156928 761498 97947 814829 
642455 313255 618629 704507 337585 
999245 989978 636297 114151 454905 
766502 511260 794520 855885 397111 

206335 598989 999764 287580 123609 
705366 488533 453983 990422 790149 
761136 21087 947078 38986 119034 
278259 197793 948641 413240 902301 
286226 928838 892279 438876 42989 
863536 205378 554249 658057 577615 
467712 864392 176604 983828 668324 
816566 205546 673209 786901 195968 
463359 64389 217055 926789 103376 

852441 721400 817521 801083 134641 
719822 87309 579831 128453 526185 
139172 991990 247916 209773 650047 
825531 677485 514439 518488 177665 
699115 335054 383211 372325 638307 
95531 352036 702697 312586 278825 
806073 681379 516577 139946 482462 
167570 859769 569772 747401 988222 
612309 886573 496564 376577 96346 

146611 202109 290183 177402 236949 
984200 876518 88355 367411 765195 
726662 462942 117231 429359 291880 
912408 751784 973260 428985 891731 
972074 596556 751500 58198 343957 
256074 670508 746883 752639 47085 
359581 415602 765546 649765 593005 
518847 150317 985875 607202 517729 
751070 333865 497023 384653 279576 

305256 297061 31361 794868 726046 
923092 766942 838954 190944 825141 
699264 963370 12001 446147 716009 
575438 805728 647964 857337 971845 
757321 376184 122163 743196 983387 
156244 10618 833604 169619 395271 
113180 474875 208684 660893 269743 
934730 583985 553038 773685 291281 
894531 989301 254652 906532 435448 

487013 998322 757528 134977 855659 
245726 892298 231844 367889 151846 
731583 40485 678816 565187 210104 
590439 194719 201332 799123 855613 
987427 733854 955950 540465 23891 
763584 434996 13192 18236 857880 
964992 21601 856203 238872 672931 
228214 484598 81581 460058 368839 
749780 707993 409324 428596 789532 

135781 19036 984252 337113 818159 
356217 324540 68365 312167 381358 
608608 75751 816354 138152 610339 
190587 103144 148293 563142 858369 
337576 791356 342967 419157 767767 
711807 168937 992112 637483 113886 
781645 773264 132922 765897 626729 
467433 122114 951270 52151 950633 
332628 660759 542737 665334 315264 

669428 372273 418408 334073 451767 
793129 671649 759476 136097 90807 
527243 847904 776096 35707 1739 
889982 817352 291356 539256 583249 
918085 6690 221715 385707 58841 
688701 234687 235952 747790 900022 
551216 933570 788647 485977 267644 
240415 279106 939293 999891 415203 
546452 43486 779459 838901 79193 

781199 728883 412898 588907 784492 
996147 506992 791182 734215 892700 
366375 939268 127387 118679 687058 
543761 669896 620628 332409 155873 
404624 89176 951331 343918 605419 
882887 406722 165257 662346 245623 
760802 959897 490859 173700 548804 
275351 686200 572149 582885 420415 
464849 465612 876035 592236 584291 

79445 135998 254187 700073 984759 
926412 621050 590287 394096 964968 
195706 276983 888042 877315 939329 
133666 638117 415579 140877 811818 
480735 416228 498018 52884 999113 
434785 517733 464725 310820 626322 
565368 390265 278672 335908 606690 
779783 262320 227740 370070 656416 
709060 82128 449751 597103 959443 

389081 247121 597560 321012 387998 
925730 801747 320578 423748 370984 
836043 374885 888717 817120 202057 
31391 382488 108674 310063 718396 
231717 89846 497069 459457 976268 
669837 684870 58396 119589 798325 
534191 25022 561798 131752 346034 
949796 573834 664133 786726 513935 
35117 622769 888820 440187 439889 

607230 471578 338729 715904 297994 
57126 947621 904192 70547 923431 
880461 740384 608301 455209 859973 
406626 989401 884995 968424 637505 
747381 434572 211339 411515 737650 
725274 962984 360419 130447 403171 
316660 737677 391102 655389 453581 
205448 228867 917555 109640 299414 
840986 506453 556151 449287 478015 

932476 372265 983768 333824 857041 
621273 81205 807965 348964 9072 
545615 590591 972057 422386 237390 
891580 739046 975067 799034 910787 
945000 4482 656007 862555 630475 
471773 219893 653280 27924 185532 
131295 960401 557797 115063 294225 
931190 252688 891782 739155 118005 
900855 801122 224948 389264 223508 

462338 797196 478906 953757 112583 
389694 415109 633417 562053 794017 
263892 33826 13910 917173 61751 
199443 564820 538504 273592 196236 
349081 204783 965276 240863 460290 
83281 658070 261413 824581 47334 
1273 286919 360883 480180 757028 
473466 386226 172138 106883 948279 
966155 887128 498457 496417 320653 

76560 695860 885473 615064 969453 
598061 480497 690588 563338 721361 
150878 162971 379431 928643 987553 
943118 446269 790824 304001 926449 
547853 293819 829027 719991 917054 
293658 202498 804182 792115 698915 
124835 868676 911128 526661 92 
396933 124722 480590 87521 688060 
718303 754751 851032 97734 199747 

838585 557204 646016 629409 377557 
572465 693614 671376 917844 929957 
588431 211502 132455 392613 3617 
347723 33801 388645 258851 560462 
388738 655784 201536 385680 743305 
889597 103983 14408 256981 718069 
214155 611918 275274 860171 241327 
652831 948988 934942 840560 866832 
381251 428991 594686 513707 337956 

114656 861430 371757 503301 636633 
448571 408391 292417 650108 794071 
552074 56057 898054 566482 313038 
132476 296990 924956 407750 673513 
682635 576933 622502 133929 417493 
5686 515181 362836 116725 28888 
700793 231381 406670 588902 734682 
43303 553826 659426 852072 203934 
453497 920498 776343 867904 3332 

89381 380 300322 14337 924482 
973836 213324 501415 112690 347254 
918909 634728 862435 281745 751453 
407675 498890 499186 330697 87793 
233869 890352 157971 409647 742424 
361905 863144 179274 138248 247400 
182606 743981 764132 482929 274670 
688614 973117 487994 190030 602159 
835248 625291 753239 214035 423388 

21045 138062 438631 520231 468759 
526424 270452 359111 200747 680099 
617887 562652 59596 797161 217252 
306996 979768 477585 71129 979049 
752255 276095 468518 240249 982477 
587029 591850 607768 340268 322237 
547509 877665 460300 986140 397897 
445411 28916 184701 804523 229663 
864801 938762 308667 924397 252276 

42271 747745 748396 519856 335226 
727445 272111 611322 712315 28712 
593799 299344 136914 717920 155964 
459152 781781 33630 435804 767921 
431527 881215 313189 616228 202090 
59204 997381 657205 367871 438130 
909481 410142 185876 657877 446350 
521102 901674 234813 648776 613989 
263525 758928 913333 916792 476848 

69297 375944 774981 102927 328100 
59254 50806 209315 372443 183387 
927758 431647 180768 584963 315870 
618899 494444 242364 321127 668673 
688714 358581 570347 923527 7358 
184336 703404 282638 614021 620196 
275838 199670 512492 50819 818950 
840592 110073 869756 49908 482516 
569495 494018 430515 750264 78981 

746385 885515 89777 988749 722994 
758450 193815 81575 328797 117342 
605285 29485 820746 404275 643506 
957295 680113 843176 469787 730932 
662126 310380 841005 48235 876640 
839873 617730 370658 270388 884346 
965991 533125 286213 55768 38226 
9207 814218 232041 607135 659367 
349383 728772 688852 686482 133048 

332358 160129 329513 691886 629916 
60446 870365 456648 417803 434952 
333288 257677 52682 220298 44417 
453381 186289 93895 739594 242057 
132121 265154 572627 364163 872289 
231994 229898 117413 920846 432732 
766813 769556 592861 96327 977795 
739130 156773 364512 195778 90928 
799464 45419 348605 852146 265717 

909375 821879 968359 519622 561474 
210416 651743 826628 783044 532258 
215269 531390 762157 849034 968589 
711241 132200 738145 820455 228527 
232292 75937 901652 596804 271715 
992580 396268 833486 857538 764767 
99204 283265 586646 67563 802887 
664472 794331 454630 7452 93727 
503241 739073 625118 781750 588108 

110059 492991 720308 364556 829798 
465187 596849 905735 366839 710005 
693803 875771 106274 527289 733309 
387393 626493 532926 974039 210408 
335813 154864 521092 306796 162316 
614819 810037 901390 756289 591787 
5850 866348 601130 726158 230905 
430929 191345 344106 336664 74536 
54111 30467 950307 676737 557757 

683617 64130 700602 216543 554522 
427363 68709 709386 948455 375505 
871702 79626 701894 289444 835916 
293681 295294 218616 894811 537804 
449521 842092 729149 793627 695109 
320037 364091 725576 270345 40828 
799685 470314 104959 16640 203209 
659481 444003 271918 885219 908810 
163775 273273 988436 865669 562718 

340704 159350 374364 559321 570514 
912169 525194 928958 157670 835174 
624067 477708 199265 865996 748053 
240093 182033 218367 345052 198673 
421576 520885 159028 209847 922456 
584190 373622 195730 572627 239292 
274800 429683 914994 649164 989004 
1860 561333 514199 930819 235356 
349373 71238 713064 64990 937234 

461117 305083 119268 195836 166488 
834293 133764 687373 993322 343611 
609830 93864 717234 321912 666491 
472878 596712 96175 387872 245876 
601531 906085 323562 632082 836904 
558918 497807 908142 788334 562797 
361729 249451 867881 997349 961639 
34369 831642 95403 238094 341316 
439015 364276 435181 672601 686188 

618024 145479 282900 230551 49703 
45129 832083 955788 368691 464165 
309044 443961 478325 733539 232295 
41122 611620 998098 909003 608969 
476089 459724 440611 571492 697819 
781928 526859 62095 733461 715812 
748284 351485 377643 547536 582037 
427347 592665 930472 899487 477708 
910989 724884 438021 389314 458423 

186668 430437 70043 701118 855792 
195364 177207 315517 635975 265052 
529688 934255 308263 591783 184068 
24076 856419 535554 401719 920308 
633943 345418 512973 564415 761258 
507034 475404 486142 945055 864719 
460917 648076 811508 47312 349194 
667300 242676 526402 982817 878651 
307806 512505 329259 616069 620641 

513327 640145 993412 565233 558217 
913720 199176 419987 426694 763591 
181245 450080 755348 667387 395135 
620067 644656 559563 431575 691968 
908758 98875 934644 951512 598045 
329648 259318 626902 175259 391739 
247543 688586 548237 240956 253820 
106454 154676 969348 42793 97722 
249292 224039 547802 4640 407778 

459290 141059 52435 18853 572634 
260755 443963 187861 195400 395475 
302258 41400 171145 929161 216659 
562885 176704 421597 627474 934012 
191769 250280 88689 161118 293073 
186411 410410 33464 250566 415050 
441243 709856 556109 10030 245061 
645095 787137 689025 349308 982537 
84500 651567 540289 771998 97080 

