333643 140526 
821349 869107 
781461 293189 
458523 205842 
650368 416672 

258344 245274 
701241 563886 
513034 702986 
727078 403744 
560202 373637 

664156 905358 
747836 838983 
203982 263939 
509561 527662 
682942 481636 

469363 16585 
622162 290712 
885693 919975 
100253 860568 
125817 266973 

277240 384162 
512248 494833 
464400 541634 
197819 191478 
945378 274373 

81467 609534 
179731 345656 
964870 900065 
609595 474431 
427727 292537 

472419 413443 
825474 94581 
220507 227519 
14557 320761 
88087 656726 

104086 881679 
557240 616334 
376512 21640 
157968 574331 
729471 619699 

365056 327290 
745585 544788 
672946 710455 
444853 798893 
701239 388933 

91430 173658 
802376 433257 
268240 22883 
660776 799149 
859996 265216 

972227 964083 
146895 529468 
96769 39760 
67460 254738 
614091 313283 

390789 979148 
640574 136374 
40288 829872 
846830 485141 
628766 64421 

390426 236548 
238079 192802 
669805 22671 
732038 846934 
338172 592034 

628502 310400 
72469 775397 
356220 169239 
815157 423680 
940329 945601 

253316 331118 
441101 410242 
983844 481389 
240114 347026 
482882 385232 

411447 873309 
621781 165879 
582463 807938 
188550 314501 
171224 526723 

422888 799726 
837123 11709 
91476 193343 
180948 422985 
133375 637629 

368586 386691 
485099 326039 
796933 468944 
323780 553400 
815970 323015 

938632 743770 
712676 76765 
909649 295139 
401056 98199 
125993 572280 

141274 548881 
888359 494749 
76942 979835 
204444 257891 
402820 337820 

895520 287759 
240863 380620 
130150 554149 
365916 453931 
107549 698238 

776946 46181 
442008 5974 
639299 868009 
301113 40355 
966209 427106 

128987 623835 
492339 17346 
118585 569282 
513533 323029 
343525 432706 

177201 755397 
720465 934417 
652369 366967 
488566 18285 
337250 596115 

716524 114196 
158648 674884 
636522 314299 
542894 937636 
354654 25455 

881094 999994 
649290 373434 
17340 284227 
459068 47226 
607257 318945 

479932 300810 
74342 716749 
235227 726712 
83716 240145 
744997 420967 

352612 977873 
51515 511261 
169110 688038 
341912 712004 
142026 696567 

253811 23120 
212913 903101 
912906 230253 
187329 888326 
793831 310938 

207271 273763 
128100 281614 
990512 879680 
524678 590581 
119825 786027 

11548 472438 
763901 579415 
500051 933011 
267453 841963 
161367 409479 

54882 415178 
948952 267795 
834631 861858 
14401 21960 
750185 808232 

849250 957456 
598348 977351 
755422 588860 
857031 280100 
179441 493208 

66128 707341 
965646 346381 
286757 465697 
795744 70562 
824013 957111 

996394 878895 
888641 945346 
663043 723272 
323556 677444 
261585 73741 

2028 110835 
547550 600376 
604538 819324 
705589 977921 
99425 885030 

471130 681905 
108724 436776 
544638 911833 
418826 340382 
982395 242839 

813845 978789 
638086 702486 
440487 301129 
425758 764044 
494925 687343 

354137 496954 
798179 901687 
97330 919069 
237364 802919 
896991 853141 

204302 884473 
51398 829378 
837601 596036 
741211 256427 
936418 239958 

15618 750263 
735100 653705 
452749 175587 
471186 394859 
939631 966112 

82203 293769 
463066 396734 
711808 76748 
315803 465524 
396020 729146 

318665 116674 
613619 370063 
946052 451221 
966099 203615 
224000 418869 

443573 239619 
169132 178673 
409676 138233 
870613 880862 
533093 810244 

846974 131648 
620365 826392 
528382 848526 
903141 360537 
314050 815513 

89684 149068 
448539 703303 
519131 910943 
670876 1583 
114558 894877 

420452 74483 
650848 105937 
769509 60524 
760522 640122 
941386 809967 

966718 304713 
941615 587084 
131105 986349 
951962 550598 
346887 782364 

882463 436571 
931432 331002 
656226 966916 
241945 843455 
484851 356503 

738332 421655 
947339 905532 
43944 716848 
966056 804467 
356970 423794 

130786 840040 
728507 72402 
943476 375965 
575103 895438 
926563 921990 

194155 809027 
874913 125587 
656381 47492 
608855 898327 
890947 93706 

254830 145631 
515362 718521 
51163 75658 
435369 533571 
880125 308691 

957365 527264 
148732 202225 
116018 608560 
578190 691121 
503999 21105 

613112 214506 
346484 4377 
340093 2866 
51869 465301 
901193 942816 

75359 672375 
604799 107073 
390897 655962 
182732 342618 
189533 579209 

167662 663251 
106473 832746 
865476 222491 
441306 443666 
913613 461657 

981123 43077 
676163 327608 
47454 532609 
846826 99324 
997910 264371 

558492 589621 
936746 163292 
696695 843995 
335606 879427 
702966 41492 

458636 870628 
704743 565110 
219726 570219 
303953 661032 
530237 217566 

639042 511360 
260643 315205 
355320 308098 
364166 202146 
923774 878428 

466517 482266 
468050 919616 
161910 164745 
279963 497517 
560524 982929 

539009 19160 
369909 760104 
100622 589635 
330323 404576 
767020 376912 

622142 406062 
888272 399138 
237619 759945 
223588 601786 
962091 147362 

480214 944961 
145980 464616 
864577 307891 
629361 144540 
321760 706237 

643822 377121 
725398 13731 
137225 342372 
119719 983900 
746948 886739 

360812 885443 
809153 249084 
800933 46772 
525381 24521 
648558 487473 

688235 645125 
432434 834215 
109741 813363 
658458 255455 
474255 496570 

961692 118077 
873691 203442 
648161 527268 
545815 767880 
511168 809115 

170971 871980 
694558 980124 
637417 11843 
26896 162798 
36364 191807 

166623 240951 
353284 115409 
591519 979377 
445124 766329 
751184 919380 

262900 229229 
553809 652943 
432671 201970 
696564 494838 
486202 207732 

303954 173525 
596065 514864 
153649 749834 
43060 696898 
428984 79424 

888705 111960 
836728 758341 
227369 428247 
737718 672494 
194576 488903 

108226 973828 
718132 662035 
626772 667155 
380358 323336 
161994 382912 

47420 982300 
556438 159837 
13516 710087 
909671 56576 
923337 855008 

652353 812042 
966968 489081 
570383 710689 
433680 824454 
383183 628256 

313357 7761 
602085 547841 
186149 745209 
214996 566507 
584897 893342 

465771 632317 
391994 22209 
792155 405511 
248649 218178 
978439 171986 

73186 630792 
500381 556506 
636225 587116 
267196 69905 
411570 166731 

214514 241279 
174493 816599 
789120 360642 
78160 520469 
443501 663057 

413811 909272 
811726 805806 
447834 120233 
727669 696483 
854764 706108 

384821 927950 
853253 401554 
809 489478 
988671 268005 
559384 916593 

434736 773898 
674225 125581 
106849 463345 
486223 701361 
500166 446076 

880770 430330 
871701 692496 
752488 319535 
329082 480157 
532370 183846 

702617 433543 
628148 555870 
835098 628957 
45349 340121 
896962 121085 

773066 848051 
411335 447291 
973632 34536 
426989 976208 
735897 927155 

422284 616667 
357485 293985 
825515 109973 
129872 154597 
106482 178594 

854795 809100 
128490 482944 
881322 963588 
628253 443023 
820061 525216 

80460 593127 
889619 491795 
40419 863251 
42683 467408 
839459 294932 

394563 261744 
427951 268401 
72081 253467 
894726 718306 
924416 517561 

413252 295564 
843013 541742 
294860 724335 
21682 923113 
167359 841743 

964681 764171 
434871 854300 
772319 475290 
717552 815002 
459050 557011 

109935 369965 
335107 54238 
154718 923541 
824057 49445 
158199 748474 

83358 571451 
560390 926371 
629546 855250 
650706 651228 
778363 334417 

9324 743045 
98589 444195 
597345 870908 
435837 831249 
202262 894887 

904613 828549 
264852 756072 
882788 419571 
195965 706845 
985368 354164 

971671 68726 
441968 532061 
511449 587866 
903663 678507 
239094 682027 

12925 248418 
941424 627866 
208965 55121 
15126 644802 
886371 217388 

56041 307336 
45938 837246 
63408 445078 
773169 775726 
151923 274889 

129890 639947 
343615 88210 
688360 371416 
192428 592024 
49923 431523 

274051 62848 
196293 215475 
207066 921611 
786948 222192 
82765 673319 

439581 138807 
497007 1871 
492405 560416 
446949 265574 
336142 115224 

540463 982384 
755171 400430 
586947 443532 
771846 779375 
551908 338121 

727250 825959 
400970 439896 
557786 124388 
361507 861086 
346581 960624 

534406 302514 
615783 547765 
304385 108188 
108181 267686 
890114 960675 

382910 430577 
459412 654434 
347359 562711 
614318 635557 
342086 166226 

973679 585689 
508537 891001 
25585 582675 
15389 903444 
443761 878322 

864068 494519 
180836 479852 
42285 1573 
104392 666818 
269259 994507 

627494 652170 
941436 603258 
822956 288796 
165969 437274 
440705 24407 

119852 414384 
610096 628389 
305385 152033 
727416 837127 
571829 171177 

715449 952250 
665697 896286 
948454 224334 
897859 52846 
891152 683471 

47353 34998 
851993 988790 
638256 674949 
793938 320577 
628575 234643 

344985 748427 
649028 471433 
893168 470765 
139819 620584 
824244 711648 

791761 56046 
663898 973810 
952332 612352 
198144 366543 
181551 89297 

566366 228904 
124295 418359 
734046 278904 
93308 527984 
115833 238235 

278980 977170 
986662 444360 
448604 396182 
431477 588423 
16766 255722 

816423 324880 
311768 480322 
298690 780452 
609026 13187 
663347 790577 

102484 229714 
535834 743131 
648073 269880 
538387 257734 
314217 654221 

495969 593197 
631391 998984 
37557 596347 
395166 469034 
701122 411933 

