334387 172528 33674 -142114 -394387 
-366015 -605935 -142324 768760 -271618 
410140 388234 -162516 -495635 381751 
-114543 -256007 94224 -522835 227073 
102992 75957 58823 -792903 287693 
525336 457854 131545 157562 161615 
-24651 -300328 -147655 -185439 724110 
64556 513348 839604 679749 -812737 
-322195 324730 681758 19129 93490 

-293639 98012 609913 593296 -48424 
79572 204342 -376825 -278242 365412 
-226459 275068 35450 -386855 -45184 
-110620 17736 -91859 -789488 -477899 
247799 264063 -361854 306622 471160 
1219 -344903 -113065 -662788 469658 
127397 187951 -357814 -355281 562189 
669013 -30443 629476 -209193 276180 
-74162 -15573 -720462 91245 3556 

-371156 -577833 493497 900330 -194656 
264163 269554 341978 -344048 -519934 
-135920 -570507 -244866 -100471 526286 
-415716 -283354 -739393 -619826 324242 
-783891 -108301 -367574 558087 -452348 
709951 -394110 140650 836216 -800815 
575874 -600565 -80121 -284599 121193 
285292 -131938 90750 -85233 175222 
-116718 499051 -591781 627536 -120776 

-375017 -364328 -55960 257409 193760 
-97523 -408991 -113077 254952 -351116 
643123 252659 -670420 46650 -31939 
294304 -8021 450768 140236 554982 
-463865 93929 -72415 160433 -69856 
-62377 4972 -119489 -134792 -318242 
11344 424804 -254241 903211 52341 
8044 886253 615927 -14810 270231 
-32875 331941 -163877 57875 246708 

-385591 -401843 -146183 746092 -270624 
133632 -733704 73688 -120610 -346844 
401915 68843 -415371 -717574 -65949 
-217262 576730 442383 -766494 -283034 
-1060 -405534 648035 -385132 63304 
-873971 -495626 -194820 586422 245431 
473211 501566 140880 63251 -619043 
-205964 189281 368979 -400783 775703 
481012 135984 -175673 -148417 -609064 

255890 494391 -248966 942572 42847 
455635 853546 267258 253855 -612000 
-785957 -530227 705192 -262442 -388279 
-438735 54371 492462 -781502 -398730 
-784082 317192 -476485 -341699 -449302 
-243167 -377039 -313318 64808 -9105 
-433746 340455 -757389 420072 602899 
433474 664359 281867 534454 -53215 
-642933 12533 -209449 726046 128102 

862970 -461057 -342042 105581 -40985 
-103435 161641 457755 131247 -412139 
225577 20189 97218 -281961 722335 
-301511 75106 251221 -27312 -198849 
-669615 296309 149968 -418394 -214652 
16954 -126825 608051 114172 -408785 
260857 77569 -187440 -471885 -184928 
-799440 -257842 284844 905751 -520284 
467472 -39071 324291 125430 -449842 

8877 -427409 -143874 -143658 -833378 
839518 -646364 399944 163809 -37285 
-49897 -552885 -650999 -422171 -457020 
-564674 -389015 628630 43376 241509 
-233047 386287 -888625 -420487 -85598 
442798 -219927 -343440 -272358 202176 
136276 -375793 -152535 110383 271806 
-296508 -626238 54169 -630188 -44632 
-220244 -495724 806701 -563685 -251730 

51820 -507243 -291194 -410362 -137430 
-634660 345340 45271 557795 451330 
583060 307678 63623 -610239 260345 
127932 291668 293960 272913 335044 
-608511 -294383 -119514 -392305 -746616 
178921 -18483 40079 44275 -924301 
-188107 398637 -683415 -331981 254980 
-441 -204048 30296 293519 68865 
147823 -570844 -300146 -452233 109317 

235305 568307 -129731 280575 126101 
172671 -768589 682792 202966 524929 
310601 129294 -345079 -109424 2702 
-586382 663308 -132586 -415110 -446117 
837950 -811584 -651930 202084 -203889 
-129884 -16196 -259999 -212193 215655 
-10198 -213384 -248746 546234 -652757 
601454 -291761 -417273 352707 -261879 
-84734 -297531 -82309 -284501 -629511 

488347 28586 215399 -125032 309162 
358794 502115 597681 -143629 708037 
-139077 66188 375079 117276 -146005 
361362 -193615 -176608 -287576 -608725 
461567 -473854 49632 160614 -598886 
777336 -708975 -376759 -123585 643732 
-409266 -255883 298121 37800 21046 
-373159 444127 447066 -206719 -352907 
-142148 -803434 -18775 -310430 -601349 

-739654 -283683 140756 775759 335889 
675498 464582 -683492 -17462 177006 
-3668 150060 -484587 103221 26475 
638656 134326 35956 -280015 -492952 
-832769 -65096 -199529 483739 401090 
-386460 -326404 -811498 -88338 -288605 
-274100 -143124 -246106 -708116 17490 
-538875 -292126 -755449 -295682 -209264 
-292217 327109 -240455 82862 -39263 

370114 499695 -8388 -59843 -570683 
-140364 -38220 -375758 323968 -128078 
-379763 -431722 545899 -343806 288264 
403186 76747 481243 -534563 216589 
-143178 -122713 110851 140941 361026 
205288 317858 464332 393790 229520 
692080 119690 86396 -70378 411574 
511941 -397933 68900 272844 -177264 
52948 -83460 4580 710056 175946 

75867 -363801 -199740 -550216 -344499 
-387229 899411 304016 -314204 -164311 
196653 -121061 -317157 337248 -313446 
131919 433211 -275733 -386838 -617703 
-230493 2033 649481 290439 -287910 
-59144 382668 384330 -926016 -326892 
38413 191010 -297398 30025 647520 
309075 630909 -410624 -63722 -228149 
-49597 -35429 373917 19303 721063 

220994 242579 174695 407244 272604 
-397517 -214562 32045 -222821 -807318 
691749 -398435 460732 -520587 -712639 
-177785 22811 222167 30129 -880379 
296421 555281 -592793 -419671 5064 
-420940 101652 135150 80796 -210534 
4971 130086 18088 204166 -532666 
821001 -400606 -784507 43168 -370476 
-395537 -512663 18642 -494854 -438679 

85263 -4733 117315 220413 592415 
-321818 561857 237990 655266 -958730 
-576867 -177103 -138499 -544821 600076 
54348 624035 -446894 292338 -237051 
-687359 -878858 -65725 -570498 -492398 
54183 -240173 683117 269676 -197005 
-148534 131279 116860 -129892 120073 
110728 301337 198283 190927 -249752 
8999 -564665 -403450 -67441 -467984 

104943 176751 -167961 -149543 508014 
328642 188387 778761 -351860 -95831 
435926 -230034 -30599 602692 -444006 
-269701 792542 -254486 331262 12954 
248170 848571 -128953 -553547 39497 
-662071 270748 -164149 199430 209574 
471983 -432285 674134 -42264 -313241 
184737 277372 485221 -262157 53358 
-227603 -568315 193488 706672 377538 

264855 107152 299206 899651 530767 
201560 -223771 852579 33599 143038 
495983 92000 714178 -18796 -170157 
-286224 -269867 118444 -92737 -46843 
-63741 -749572 606211 614674 889011 
-280758 94984 94448 909728 -430928 
-716112 229374 -321585 154935 -324173 
-263989 -120718 -893584 -33459 -139515 
-639408 -154111 -184928 -376999 10381 

221176 -583437 1750 -172613 31237 
-191722 -21143 695722 -376650 -398142 
-234313 -183766 181592 101913 333481 
-293898 -657408 213194 -715801 -264032 
265914 65405 359472 565120 -34944 
697304 364279 -809805 -90623 471277 
275701 99128 330221 -27457 -100321 
373887 301132 -639310 -3345 267673 
-592888 -406927 363823 72353 211338 

213315 601916 -179297 -305249 -488775 
-339843 305131 217876 -666000 214509 
106977 101376 -539568 803392 -40843 
-627616 28358 212767 374133 -144255 
-755996 781245 -551182 -392173 -146402 
66189 238458 481436 -90691 -196422 
624282 -375109 -172875 -271008 -567926 
446493 -200452 588358 -192818 279852 
205506 -390298 313637 -464273 582245 

316177 -952604 740403 -235004 -344777 
110352 -574847 -523294 811877 242801 
139066 552718 903935 99420 364595 
663089 274282 -101670 31943 -237218 
174862 17383 -631145 -511501 69461 
951101 701814 -328623 -744548 -119787 
-62822 -399649 226454 -86037 -79905 
182601 396086 21456 9726 125079 
-298036 230139 -516157 -557634 478783 

230484 404386 407520 -618582 770651 
-32209 466692 -51757 -360833 238496 
-131708 204431 -68806 -164216 163149 
-240340 -696557 431846 -497533 217406 
344808 305416 150934 366265 -168505 
239014 -342569 -925906 670860 159898 
111334 -537064 -491660 575929 585751 
-73672 -25151 -284133 -653384 74269 
80463 9705 348552 -21208 -474704 

85849 -34886 -191689 643591 -364026 
517357 827309 790455 350790 554301 
-165067 -230537 831551 726100 -849120 
-472523 149022 -166567 -273009 -504362 
30639 367588 -267170 538979 427165 
286092 -741507 361754 275083 -485253 
451856 935091 658774 -183816 -358568 
-92298 -192546 -11010 -743746 786247 
-224852 22800 -152024 222694 -141417 

765043 226900 -593021 57002 386843 
148001 305722 -117664 -119169 -671652 
309501 -800588 97811 141051 441864 
447014 -264563 185056 -246179 -430125 
-140532 249112 137070 741803 129943 
-228781 844623 -97097 -305450 -98375 
465418 -465048 -154293 79581 676003 
42953 25210 -194418 -298273 357747 
-260644 39914 -171632 101111 314997 

-231769 -457658 141963 953287 -220189 
656457 -262791 160076 -14188 -183211 
-288162 -791004 819724 -459794 -206245 
595613 -258247 -300900 -262425 695041 
-4737 449413 387684 -185013 -10380 
134721 399673 -473486 -728209 625124 
289745 221152 -73164 95327 -77122 
46686 545079 -327266 -26478 -359594 
352430 -242968 145061 255333 -64770 

484094 343536 -350182 666841 81112 
-114377 800747 174328 -490770 204953 
36496 430333 394097 425790 -861715 
530770 364411 -557643 -309155 -133425 
861210 662104 -469475 732542 -39260 
181439 -50291 389293 -775695 221499 
75190 -65458 -156313 747923 -91936 
131948 440207 19048 57952 131052 
-740854 43276 623607 -112145 -217743 

273342 42235 -386688 -196132 -708871 
-744182 -649197 52966 -68303 48180 
321061 -235582 475148 -504611 789999 
36878 -311312 90414 650191 -507445 
-527062 100771 139495 316625 848695 
-140254 -899903 190008 395147 158049 
163750 -31673 -109229 -180404 -715048 
-425948 -675988 -278539 -515499 -250199 
47559 -715634 192231 697377 467560 

-54982 89437 -491550 -164211 392681 
50017 -4545 -191158 240025 -125751 
-247318 -274193 -127759 391348 167846 
466427 71130 -121567 275268 -172493 
450539 -438914 155019 -74313 56476 
204547 779974 -242318 21113 399330 
791664 -116753 711992 398431 -466562 
277050 575255 -256515 -153631 -493048 
-102105 224243 816567 619356 708745 

254362 185112 -523462 482705 99895 
-80642 -75688 -361973 -339711 361479 
90650 -606038 -248488 479244 301662 
-189818 -206100 592049 557593 -296300 
185339 328306 -111188 -338123 294660 
9976 687252 -636482 284010 -291634 
762848 -249563 -220505 -358720 25705 
-350036 230569 -252590 393448 593290 
-554932 336366 -259070 437167 172155 

-64376 337468 -36021 90003 -485891 
80745 -110771 -563424 -420991 241454 
206629 -401279 -810051 -530227 -243647 
-471939 586494 269733 416873 764722 
472356 -328146 498264 -164126 -560488 
-123912 785638 -159825 66037 255411 
-300698 76775 150315 -65538 556019 
112880 765339 -184165 -253157 216153 
-190894 -99814 -175639 -82494 -542221 

-553658 -8957 740150 -872014 -92437 
290207 -162283 -133575 360180 173550 
446366 -486383 209901 366589 92626 
-548645 -240971 -638088 -192117 -691286 
-111794 198819 69973 -147815 -711177 
617324 -595589 -409594 -50489 -332394 
155247 427909 -648807 344256 319999 
130435 -96201 197995 -83480 -679329 
67730 177643 189009 -107910 95149 

60821 90703 -578820 -245631 -26356 
-72663 -714856 307504 143659 -322785 
-486194 -277923 -783678 -124282 13607 
30088 251356 -557405 -229763 379341 
85624 -78000 280271 -47951 -717820 
321111 185047 -346095 -260870 -183158 
-62531 -376352 226441 -194986 -32095 
41388 -506958 -581982 115442 -73799 
-649842 -685293 470044 -228662 -414572 

-223513 96116 75014 -1024 -43507 
-148183 19998 270691 252268 234758 
96459 824753 -261158 -139622 -223198 
335652 244847 854215 -221753 15084 
389903 71567 -520395 244119 366166 
-84781 630938 701241 706371 290949 
233557 128406 -153857 -780047 899744 
-495330 314198 -115901 214759 -397140 
-137896 27483 -40355 -483991 -233387 

272870 355648 86137 -135764 -129023 
-505311 -5972 494571 -175520 -302371 
-605684 256051 328568 95556 478774 
103165 -42340 22609 62810 -526332 
-340668 70732 348156 -318058 -350106 
-110299 100027 -574982 384273 -75493 
-361000 294940 -303090 -32433 -125856 
42630 232405 -109025 -170326 -31680 
609381 703224 39887 88985 -52657 

305472 -45189 5542 -124744 -180953 
398128 433008 -434112 339498 -666367 
-639833 434239 51452 -748857 747560 
503420 860524 -32864 -456693 465862 
-697564 32401 -50513 -162463 283544 
150339 -360008 -32963 -327767 515249 
-509605 -505151 112221 187304 -53936 
-497283 -153364 16797 -665480 -471423 
-302953 -175396 144067 147831 -115736 

-673629 -766863 -332552 343168 84009 
-617832 204413 -540012 -434033 547580 
14087 463726 45004 -605606 -289501 
239249 949147 -318213 188736 -213317 
495551 -280673 95926 -670826 -621207 
-349096 -850141 -103342 246773 337163 
93577 62311 317272 659465 -81839 
-34669 -114217 127639 -374249 33615 
196025 -506494 724001 163062 165739 

27645 -238008 -442562 235294 -74946 
94166 692691 44271 655522 87085 
99030 284074 231726 194957 96896 
-742001 119693 468593 -384153 -475343 
-351775 -239621 -588696 197288 32549 
206825 474543 -125799 404965 -336720 
-245230 -478663 -192151 698406 -429048 
-644571 242403 332945 -87133 -5951 
144532 -113353 65415 272171 -3954 

-212596 212561 -573546 78901 427319 
-586480 249594 700318 457791 388764 
507899 -735764 -35426 -80796 461524 
147419 588349 466890 616011 -312156 
-750882 210915 -301127 -534212 -331294 
407351 296319 316623 -360924 7627 
87636 -263161 -118732 -2262 815741 
481054 434331 153370 -186002 347198 
513476 326555 -242157 313747 -34369 

-48853 -436614 -149479 708990 -122867 
85335 88411 489623 566262 -476033 
-207766 -4856 -233577 461956 -674506 
113621 -390624 -86156 96864 225387 
-726893 86309 -322913 154375 600399 
9179 -537038 -404457 -224398 408566 
-240319 -79784 74498 249304 -29874 
-78962 405575 534293 -681471 -13914 
299800 -525541 88049 -484976 -59753 

314057 467099 675237 331999 -214372 
-192206 -711846 -166232 1232 -73822 
192323 850637 541433 725835 -216729 
763163 642566 -43965 596931 127447 
661323 91679 -294156 252172 -659017 
-73002 -251214 -616101 -468601 -252541 
450873 -347167 15705 -165228 184232 
434166 10411 -610861 29710 -213987 
-401536 -315901 49864 448986 -90560 

398565 31098 -345790 -212296 -422841 
614215 41592 -464982 -341527 -359300 
-686466 260431 525438 19378 -3748 
-225397 -74620 -696639 246990 -477689 
485130 -27993 -98868 -505785 -8614 
-617228 -788299 -153111 407853 453889 
-52841 645555 553408 601369 -566742 
-76128 585408 527906 599108 433759 
146512 858726 -893278 -354136 177146 

-195638 54654 978379 624075 301644 
-103191 -815333 -269453 -84525 326788 
-859376 -109217 -372784 -236301 52999 
-15661 87586 -52801 54099 688955 
413735 -123012 203087 260624 -715159 
374168 4580 -64105 352548 -371345 
-226170 169763 771808 493269 430386 
-426999 -849754 321169 200217 397593 
-145104 -115748 298796 272380 -105180 

-45645 -359451 -301116 -329404 -174714 
467116 42153 -190652 -80638 -121651 
-161556 18905 -314177 719717 187437 
-223907 -57639 -83571 -452099 435630 
346815 604550 69523 -332016 -195232 
-910131 559440 -125873 -367183 695184 
-613912 -9361 -635079 168532 -253333 
-278813 336887 -283759 184737 -125367 
405196 565194 -457052 619391 -35684 

-567510 -20542 646150 -651081 -472641 
81779 179383 131909 -365049 363719 
119583 11309 344376 525456 -242665 
-573630 -392643 272216 74632 242308 
-29087 72974 -69583 -154960 705791 
395781 -256087 -100989 -474422 576481 
-374400 199836 -791656 -688577 -80447 
-715779 700381 -338022 -16895 854624 
453029 618419 889520 262377 21430 

-36875 175672 407340 -137864 -298750 
55195 -647996 43572 -220109 -336573 
503533 -98164 254872 369289 -339057 
-16180 804858 308607 -743964 363138 
131781 261096 227103 -410504 772527 
-150547 -190323 -25933 27783 -207218 
34564 -108029 -625554 895291 417427 
98608 -575516 529300 142179 204375 
-687661 482344 865756 -757244 -156264 

-380916 424467 -268106 -6470 803406 
-110919 339451 -816434 -854973 -270646 
709079 -411048 -136305 -399934 -32559 
81296 -416113 -227701 -126448 356275 
539841 -235889 -362531 -244617 -242358 
-195675 -120043 616643 59197 -750753 
-206061 -325844 -326269 -193114 816336 
-121893 -387 -78360 -741846 599679 
149320 125312 -451850 376424 -285193 

597761 -690298 -322563 -269244 368900 
100508 -767682 -410588 143564 349085 
-559125 421056 -600694 -494623 -202520 
-69128 -329887 -891169 114438 -184859 
443036 8343 559408 116768 -184771 
369598 -599823 830717 252552 905554 
111845 -149687 -784743 -694366 -418931 
859392 -5125 -668807 -218967 253028 
-678167 137927 95604 -40698 409662 

404640 -480692 343960 -264167 300341 
-808964 -38512 -245030 -465004 -819031 
-698053 511301 -80930 397552 -13046 
-371183 -155936 865457 547886 -758385 
-403011 666705 -29546 -294181 -218857 
292685 -728705 -129985 -8410 93281 
328732 767150 387132 159449 19702 
55311 -868016 -152327 542116 -162196 
451084 92098 325598 40496 -247986 

-147589 -639734 492413 -244106 -480284 
400643 -166786 -384084 -757407 -126291 
16165 178211 100610 347487 -279673 
-48130 112178 58581 84138 -161581 
-193995 -343718 -631895 -185229 -587824 
887821 326885 428052 -804817 225368 
-61586 -23696 564390 320222 -475810 
28467 -467772 307363 -617870 523818 
-148422 -82723 -164803 606548 -547726 

-697680 -810065 101638 409764 -321225 
61362 29711 171179 781837 -661709 
-450308 -347259 -480902 305389 420230 
119323 371207 -563498 63726 82742 
-401070 -221507 223498 -516614 109616 
724323 267302 -279525 308580 131141 
-75551 246995 -408908 488840 50865 
-67709 -64284 -727951 251136 542264 
-338131 15596 194920 -279550 99734 

-127316 134524 -133017 -153695 -5826 
-86912 -551473 193910 498373 -658062 
641678 239696 38447 160776 28733 
-467804 717436 -369115 74140 407440 
83236 495324 379639 3386 42699 
-21267 -334745 58295 173653 -97943 
-640937 -70459 973146 255055 -550722 
-57676 222139 58444 629855 3975 
636151 525045 -26380 -140351 8432 

-241878 127374 -22149 247619 -101219 
23657 558250 -430227 154442 129639 
-582321 -314346 763948 768311 -468042 
-37283 313960 126998 -422199 48274 
-89223 263464 99864 58013 -146044 
16589 232169 130785 55036 -607055 
-729434 -319492 695675 346307 9829 
675870 -486288 -384917 -265686 -372785 
619059 647402 -440611 -187031 -370577 

-441547 -367581 -158101 174669 174080 
-768646 -740467 486654 -72970 89489 
325099 -236013 -820870 -427306 -467702 
-97875 -96947 -328010 78148 -891655 
496482 -264223 369827 -324387 -175177 
-772560 330816 -823976 -794709 -421565 
695854 -318026 215979 -250725 -163584 
-265927 636601 224412 -424028 811271 
345618 -288007 -333271 -11032 -193854 

-9663 -48337 341443 -243865 -19243 
298079 -477625 406903 -332094 197988 
882141 -728174 9597 -385528 21102 
774149 -704626 208503 466387 -646029 
846014 443737 249446 29095 432705 
-284626 53679 101042 -128988 131827 
-306965 121437 -231571 -82554 -302591 
-420300 -716765 -30765 105649 -102294 
-460760 -255903 -307761 542245 154775 

-479573 -401256 -780801 -271070 -451221 
74335 1907 486051 691729 356567 
-120371 -235534 -123653 770181 -83980 
737214 -150455 567643 215218 -247797 
-865771 384764 478004 -97342 785859 
-824587 482357 69093 -855352 -411993 
-33200 -348662 539669 308243 407472 
56818 92207 313245 -550483 378740 
745617 -476147 -135705 231667 -300770 

353501 -93017 -249087 -61054 51631 
737439 496555 -193750 -28001 -80850 
542708 200401 468883 -373298 -584381 
-625766 310918 -175104 77202 -810494 
598892 -95977 359830 -536813 619338 
-661081 -94254 702969 878588 -302362 
626794 -117337 296382 329641 -872055 
38886 -812356 -411478 335269 517284 
845161 386459 736504 158406 319625 

-283533 -335922 -96256 452971 338835 
614718 -447833 -750837 -62680 7814 
-906316 329579 31442 -2572 -217449 
24591 32096 60048 613113 -148987 
345845 642257 -284549 -668920 268960 
-146074 -262852 -165586 96784 320345 
168313 311554 -164916 -6790 388756 
739720 51863 726506 -416802 -1302 
-166889 442629 -37397 -451438 -226290 

525916 553429 499198 -511481 101992 
-117775 -67524 398905 -221973 101251 
272908 236434 265272 -401215 233513 
558064 -45357 136058 -410494 -47930 
231563 163281 -190475 -2922 100601 
73859 -421064 -189031 -219091 439895 
-597744 -40216 689219 -279682 56569 
-199090 193365 -292950 -139042 -193522 
-666309 165392 412154 -314873 -325046 

101094 338972 910889 -762848 444831 
590387 -233947 654424 -4999 318230 
-134199 25675 35957 193122 290231 
-7796 -222136 145556 -96907 15016 
-468502 -283063 319399 796770 315722 
36560 162643 -235450 -48184 457021 
14150 -60168 -603676 -556344 900213 
-55169 78094 -86845 -39619 82965 
-137041 -360592 404614 68530 -123923 

479290 458802 617150 -201311 255572 
-109227 -749498 290098 287097 177806 
-608412 -404073 812739 -56103 272696 
375828 -226964 367619 310394 503163 
190311 -749965 -879744 323812 532371 
671035 -814370 -417263 483774 129527 
449224 835248 -581785 213774 -212936 
-380678 419749 566913 -235122 -193510 
65577 -644736 88894 -280000 -649734 

-78711 132315 -849239 -711091 442710 
757867 -391553 30463 -176505 -452855 
-101564 -788035 35068 121675 -343374 
872118 4275 -260409 -555339 -275725 
-628214 103096 -450724 -61301 -132026 
573504 335434 458426 -620046 -861117 
275696 -788469 -7941 217770 75132 
137572 443592 144692 236661 -72633 
119879 -429736 -127434 756488 -105924 

736411 29917 -360115 -228520 -332057 
101017 -395575 -810734 131480 -572080 
-298134 344158 173651 -153442 -419182 
-460527 -591554 259156 -309766 213707 
12467 206809 -309780 -330233 53366 
438255 -613192 -364702 600004 906667 
-754213 139477 -684887 504943 346063 
-219842 -469176 363123 -227783 264945 
-385410 -145999 -354604 3508 126840 

-377428 -225853 -131332 121590 737393 
55096 161399 -826314 370208 666342 
85712 196715 -67819 -790756 -31805 
-212610 770784 141439 -539696 902264 
926517 -35346 -176774 584308 -58689 
3396 382676 -126850 -306384 52443 
241842 153668 138026 -342329 -120735 
-399876 -10597 15370 -36754 -238380 
280315 -598498 -335220 -600739 -482143 

-50233 -230385 166552 87792 -56361 
173104 382868 -37434 346789 -246924 
455179 -422525 717507 -405926 -94753 
220898 -571425 8456 -472227 12883 
45816 194012 -282214 -85516 315602 
628907 833833 -347896 -497942 -472551 
-481327 -232822 -228237 -518762 597616 
146640 401905 -344753 811420 317518 
41191 110146 -52199 -306705 612204 

-23411 16033 -372716 188172 -280105 
-367803 343392 -530427 347474 -299954 
475251 397842 40779 59 -74385 
537310 433473 211582 703862 4913 
30879 -188167 -242011 -767966 -77741 
146884 -249293 173085 435000 -768054 
287052 -40161 825740 -765146 -346867 
-562056 -289896 50975 -37629 -806189 
155220 -250322 198925 -126994 -335839 

-338560 291770 88660 22533 -101006 
434138 38608 361093 123575 -42745 
-654247 -325320 51054 -142368 566403 
45915 615573 -690379 -36991 34351 
-866265 378353 -488121 -108276 610387 
-450604 -402208 351478 176679 302316 
555021 -191124 -354293 24593 672701 
-429772 -143278 -160767 621202 335444 
-406961 -105724 400742 -64870 -354519 

386937 -124521 29512 -205638 153462 
398693 -285520 -288238 3704 737013 
501250 23433 -268111 -169465 -276313 
-561250 16885 -108927 -205665 154439 
-299696 20879 -19160 -547466 82522 
570898 133015 329285 216606 157609 
-389244 49619 -647415 -79623 -503724 
-257131 -656269 268583 -422005 4058 
1986 46007 -167711 -946960 419992 

337053 512205 173803 689638 432582 
-24122 42579 -78359 -424082 -55972 
-25662 -56386 -124137 189875 -742204 
189686 120480 -399960 -614903 -392168 
373146 316169 -230306 -278212 -114440 
-538477 399895 375464 -557637 -147570 
-400450 79374 90318 369244 317513 
45825 -87029 -27416 703276 86257 
670079 76575 -208291 215943 354584 

-363569 140115 -610442 625624 32996 
33769 -341601 -10807 409232 100762 
-158377 383570 528023 -282515 89797 
-26032 -16400 416566 501992 184733 
-111186 373355 162833 -803124 72947 
-56486 50636 47133 106347 247512 
-214180 317035 169171 -607510 686279 
189237 454150 340904 645469 673777 
486684 -115281 245210 408325 -55715 

-410465 -37659 -41448 6100 -535668 
143285 -487536 268496 161405 187997 
506363 287812 18120 675533 196653 
-51203 349452 350214 513817 299061 
182117 -689924 -165049 229249 -99929 
82462 382032 556539 -11628 -508696 
188047 -837783 -434980 -566743 570541 
920755 -976877 -78446 945447 -126666 
-490694 -861154 24691 -633438 -215685 

-478024 397394 -768234 274119 558799 
610492 187659 220597 668135 -74585 
116837 318382 -203554 -699753 375554 
-294131 643915 183410 540820 -126836 
262852 -286798 57644 -262243 719302 
207311 690732 243504 612513 152531 
-63885 739268 391899 -230023 736732 
669610 383728 -1163 -75194 -492605 
-400167 139634 -744804 -359980 -388345 

204669 -183078 -104641 1116 600817 
-706709 895499 536527 -138218 -404416 
754562 -329275 -499103 -246602 595532 
-291395 168790 -261513 -1290 -659544 
-151097 -408571 719849 757154 -122242 
-59771 -551887 -431509 -299915 576978 
-508059 363890 266838 228890 32025 
-280931 -668739 -68115 -44730 -395234 
-60100 -293537 -193543 -828334 -19418 

244003 -30528 221061 -219471 -168746 
150440 553739 -237145 514801 -329248 
529675 -752927 -261708 514220 516823 
-699707 -105967 -102295 -287201 386544 
-402848 582803 -587494 8863 67566 
-603615 825619 403841 -865128 -692024 
-149824 -477487 880712 -882986 235050 
-34729 -273878 633618 -296437 240342 
-255703 370292 155589 -323819 -190790 

521148 -834356 -199867 -546150 92875 
-225383 -345118 308048 -520674 435411 
-24767 -16306 -256771 -261912 -501505 
-102370 -264007 -73966 -122352 137738 
622950 -220381 -186908 520655 -507583 
-2095 -572462 -19981 -81903 -921238 
-228357 -337606 -550946 -72769 338576 
199637 485926 -265109 -166746 -294158 
138708 228466 -252243 -69596 -292208 

347436 -184131 -834115 423723 530588 
301773 474874 -533720 101905 -71277 
348630 -26272 -242925 -163959 -30012 
-217870 -310047 -470803 -474642 -88311 
-20172 195897 76288 -285281 545503 
27693 422988 -352318 -46274 -183011 
183168 69706 487410 -3740 590361 
227739 205853 -779459 240584 214860 
42803 -759387 157190 -209440 687369 

132230 751924 154199 -220088 705650 
313917 575466 -154341 -981895 -183949 
-372076 98715 -271793 -131353 -548892 
273626 153202 11932 -545851 74318 
-288126 -436603 -478115 -380276 -686518 
109248 -552433 424202 -249914 -245521 
544166 -333313 84327 -301634 -69752 
181843 -300270 266976 -135921 -360194 
454836 -918316 -335828 -595236 183589 

542888 316315 213576 71171 286816 
-653046 -329938 -667623 613931 50494 
-228458 266693 333862 293427 402769 
-705083 71270 431922 -79122 889111 
-41638 -637992 612640 42690 60374 
130992 569791 650416 -456810 58010 
760012 247647 -104154 -511781 116294 
-27817 -72153 142312 301489 -54048 
-233289 -593504 -755576 99087 20427 

234277 -197474 40946 -30955 309393 
-298513 691162 -27695 429559 -209751 
795141 -466599 -245404 8717 604573 
-242317 506266 127125 -75548 565809 
-37124 -235815 -157206 201120 256550 
525061 263907 -128734 858923 73686 
-68985 242533 36810 -197719 -382193 
-7269 724477 345167 -91699 161706 
-105774 395592 -265233 -9486 -78071 

-889504 -440036 124074 -246027 -515585 
-550526 138566 93143 -205359 563219 
-220745 -382265 -140916 -561519 -236430 
158785 258671 245796 485228 -23858 
738497 28919 365745 -704205 481611 
-772250 -112045 418488 -162754 682596 
320131 166004 -705160 444205 -596375 
-497653 -583758 218676 55509 -781477 
173531 -544540 659225 145835 -631334 

50054 183974 223449 -90862 -377546 
-323226 473533 646560 -77430 -524887 
465355 575742 195163 314748 -128463 
-578586 32237 -340855 67974 -561545 
-839699 -129136 549876 871815 185612 
-12980 136889 -5943 405508 -542218 
134258 174324 379724 25614 -17002 
109879 -354843 130077 -78930 -910638 
106351 -575083 -108644 325026 -35927 

-82605 53646 -435170 641579 -5387 
-640144 183373 -791377 -776772 -274661 
-766130 523929 -759463 -59033 -83285 
191621 -432975 -139168 -180224 40901 
27737 17349 -795641 61262 -110836 
-34808 -11782 -77400 18796 -154735 
389971 482676 -78599 565467 34298 
-137009 444339 53603 -142953 -150152 
343798 -864508 628156 -42477 -459789 

380276 -766479 -585151 12246 -449439 
624770 -483317 631970 -166608 256262 
-389404 588096 -573164 -526790 -435097 
357309 508661 306936 701789 -155210 
18279 -258660 -551969 608751 414518 
-227553 -469819 -137387 -23194 -408557 
347837 619183 382083 -87334 -739238 
-623304 -122142 248980 -184351 -619698 
-248222 366777 -409529 673179 -67755 

-349869 5649 312184 -200757 205917 
407228 -56606 -183198 338428 -44360 
187463 -146797 575573 10751 71344 
434937 -337209 -850888 200268 -37913 
-95989 358587 -309473 286095 271253 
115086 -25470 509062 563117 99633 
529414 -189136 33832 -527398 284074 
-119814 363299 -104770 -429287 649393 
-116286 -474108 -191157 -540713 20290 

125336 -358420 -117983 -582521 -548502 
757920 328658 16781 308103 -198740 
-131676 292902 184996 765320 17831 
80622 -320178 118025 -123546 479066 
-631013 608643 -402182 177830 551579 
618109 541664 431229 29691 628728 
-699144 423189 -707858 -190082 -530046 
391775 217146 -586652 208577 71926 
-159706 150725 324076 -142924 -541172 

663052 -107410 -573590 -154587 493145 
-338573 -75502 -315621 -14497 297926 
-125348 -106451 -178781 59648 142517 
-33822 173551 182362 84204 50006 
-856792 110838 423154 25225 528317 
72610 159929 -355840 442763 252858 
355402 316570 -206823 -534476 171311 
-821948 -10799 -146198 -907071 502539 
256923 134308 626474 -145260 795785 

59577 572902 -779631 -6428 -266304 
-116724 -519906 -171465 -410301 -50837 
77256 -252569 449923 -794935 190194 
365292 -175529 389593 -325179 -226357 
229064 -323563 37698 -167756 -184840 
-523585 -493160 -582357 160794 -507657 
199217 304001 -880467 622371 329227 
-297218 -131884 82784 -387161 -286471 
-352150 13375 706423 -14579 73023 

-432561 699982 -42059 -349778 312821 
671470 -290200 369371 891839 -296628 
231250 219669 100973 -391507 216869 
-101244 -558587 85084 -843961 -267435 
194968 24041 433241 23503 -386260 
-98442 471344 -742718 291151 629813 
-809202 175932 400500 -367614 -173845 
-452722 -631592 -106404 -2799 89825 
-380580 120902 379809 -342883 469498 

29715 118092 246315 -885200 -725869 
550286 472573 67033 449908 -308092 
269742 -218602 -100377 219335 -678746 
743373 -245701 130475 -339775 -129667 
-770327 -696144 19602 599045 195694 
722974 218465 -683404 102782 -124418 
-559723 -626453 174188 459879 -543760 
-21120 -653951 10152 -436499 -45458 
369882 182853 -325296 -313522 -230717 

-104986 321304 -101421 509137 465177 
84131 -419221 -59529 94283 144281 
-122220 -447344 472035 -55188 2564 
163944 -183252 482188 490296 -65002 
76610 58076 515777 -466566 -331290 
294963 -170664 108497 486019 -538 
285265 -50586 -161277 -56899 -590707 
-128065 -4025 -190000 118251 594422 
176409 428448 -9986 74989 -578768 

453517 -357954 -106386 597422 -753767 
-106444 -244684 -137733 509894 -356249 
-14788 154959 150797 -24773 229948 
-28456 -156098 370646 -706085 -696646 
132152 -233785 627554 -395813 -288973 
88381 -53229 73849 459026 -242963 
-369882 -715518 527774 -371343 258427 
296290 105230 -383662 888435 591249 
-537228 221620 316502 -505098 -761299 

-210858 78835 77817 -378004 57385 
-230109 -590302 -197259 -367841 435943 
-41356 72047 12854 32494 47425 
-192129 -55254 426989 -145062 -439191 
-553508 -397972 561638 -176246 -316902 
604640 -256108 47067 132415 -143802 
213381 193874 356932 -57923 -306108 
-167130 607209 -271304 -499981 582436 
-200461 127728 -360355 -122644 749724 

329716 722114 -140735 -383895 -129375 
-221144 -453755 -43700 340493 -113649 
-60632 -615630 -234061 -47778 -66785 
205663 -340933 -110945 161963 -484088 
-119246 244932 420804 237687 -812991 
639398 148364 314745 66387 486950 
-462702 -273296 851390 -119790 -173542 
391906 349574 614678 -452098 226930 
114696 177054 87731 -119364 -387075 

-39397 646658 -208756 -134945 367992 
229237 740370 -629816 504129 -394575 
-21747 -20249 61399 65985 376739 
-341529 -405636 -788949 322747 -315485 
634874 -1591 217321 -234096 29960 
562445 441269 199277 -220233 -276475 
-224593 -198640 -335724 606504 351395 
190676 -396718 -412908 525714 967141 
-70098 -752272 142560 -181043 -590309 

337865 359635 163799 -414795 653689 
93098 430527 200190 -223977 -789707 
254528 -1266 585176 -200425 64719 
556087 -967925 508124 141263 -168349 
-427157 -380470 -178099 -275508 -315110 
-521732 473898 151650 -450992 -484036 
635143 -521090 -236308 -222298 -702133 
-76284 5260 -565689 -222452 25741 
173382 -563827 -107769 -131919 242569 

-418740 334988 18679 -113192 575833 
187217 -291679 451820 351016 -190121 
-745978 -742115 -766743 -237854 -84499 
-196108 487113 385947 32172 221616 
267488 -92718 711928 -781850 201181 
-321218 -537605 97225 -264022 -37687 
-183920 -69356 57195 -500082 223020 
589157 -187317 52114 646316 166580 
-538333 -757764 573511 -646102 110316 

587128 286193 -36851 -663263 48339 
-379872 -942161 322283 649608 -47533 
-68822 -946098 -407504 28402 -726472 
-17743 560588 150660 461759 -102674 
395002 -82003 -100320 -102671 -195194 
198999 -659592 298971 582327 237737 
323005 483785 -235402 375119 130101 
71161 -167706 -723007 457108 348115 
-40839 84546 29479 -589020 -48086 

-487465 -372765 94305 310501 63037 
-324838 746363 -202034 -47845 203471 
-337567 418060 -235941 296741 -636533 
82706 -30027 -114717 675202 482024 
34086 672740 546863 435721 -168410 
121077 538094 -313646 73682 -423111 
274198 456261 -47395 38796 347733 
-338615 -504260 703875 -39643 594419 
-58387 -419515 -347742 263896 230092 

385283 -269053 395943 -584206 166667 
120951 -778846 -295261 -98634 265950 
340587 135966 244469 -178315 197801 
30497 149896 -78978 -171384 -301665 
844564 239573 -201880 64791 683578 
-123814 -509948 780414 44796 753947 
-505845 165872 292042 -303139 239555 
-185872 -27065 -35255 61835 786028 
-256115 -71671 277550 -161810 -244817 

-16840 26634 -420287 -95819 855250 
-731980 -391869 -730994 -3863 -86536 
671376 136011 -176672 -449033 68157 
278048 541485 -923596 -17213 442851 
447106 -70800 -155436 270434 480167 
-10005 294851 -3514 267545 133041 
342353 -558526 354724 -742176 192202 
-541313 -604479 -84530 267080 92382 
-603631 260429 775018 392856 -472027 

108493 764725 -618565 -116488 157580 
48743 957655 815237 403467 215479 
709622 214367 -368309 315514 -137627 
49569 160225 199999 -370719 580759 
-90592 -208428 -181543 45512 -31363 
-91940 -339124 136104 177066 -342986 
523791 -149427 -371674 -147996 121006 
-8178 95080 645215 -324531 208009 
538898 -92671 605892 131653 373764 

448751 -554578 203441 577614 120892 
-40687 641386 -445268 -46771 -237877 
5454 364257 820028 -662956 767724 
767435 -430483 246474 385731 -250298 
35506 -139165 134649 180184 -770810 
-260697 288678 477564 -362911 -311458 
151496 546497 480114 -30048 592008 
-72198 -196412 -148389 -956859 119102 
-286017 48596 483359 17659 -614360 

-327558 239290 -392744 155801 -226699 
-907481 -284965 -82350 163603 -848089 
-803876 -109476 -227012 -11608 613911 
-7104 -593116 342818 239370 -207385 
-99372 -311510 552803 104069 266104 
243274 104724 308619 723387 -408971 
-326305 -484481 -446660 525307 -441339 
52154 590516 24960 121845 -367825 
364017 -110980 -697598 -83180 -6911 

-547433 -433517 -333850 -706813 521362 
-900027 -205713 355112 190877 433737 
231790 -56554 657126 17840 860266 
-433395 775149 502478 438070 -33975 
166567 -413655 450782 191527 -291810 
149588 -436249 138177 583589 211002 
128413 -299876 356973 471232 -60505 
605645 442775 85114 -256178 26365 
806441 -220286 617878 -420571 251754 

-58193 -532856 331849 -72067 388862 
296116 550263 -193921 397642 -353956 
-373526 -142064 -619893 -83800 -744422 
-467719 32693 86869 249546 -583120 
509798 490385 368658 99289 205343 
297875 -135852 -44656 -519623 640983 
57833 629432 73138 231311 647271 
-66595 -118474 -766384 384187 -443299 
476707 86022 -399891 -438179 -170157 

-20720 -235141 -308577 -417498 14405 
-191308 -251139 23842 792126 -55613 
347567 75793 -226063 -767423 -341270 
108303 226072 205758 475975 717843 
-814111 -632648 91990 -434005 -200096 
293865 -67106 649324 649910 -842581 
-840078 675001 367672 491771 119286 
-243467 305998 -532918 -288122 270023 
-375584 -811415 356045 224525 234054 

293164 15701 -96438 -745600 114312 
105265 405662 41541 -245411 -428076 
-801041 637966 407723 207378 96980 
302072 -63957 -113535 -492170 -587982 
-632975 -164201 -475230 -540985 401794 
87956 832874 -839121 -371850 108647 
808323 -193418 477587 -417740 39160 
619965 77892 287667 -688612 144041 
426369 390717 192204 -769612 218456 

-663754 -467541 154500 222710 40289 
43991 793883 -205359 872117 -699119 
480863 88149 414974 635363 -205492 
-544737 -798120 -378474 -187926 -554372 
-599949 189606 -258433 -708578 913336 
-18191 349013 -655521 506998 103602 
-433482 -689334 356810 -756252 -61184 
322195 100938 445388 -290595 871690 
559700 -347873 262406 235552 -117486 

12113 683019 651906 335650 -2004 
-310301 312192 -267388 104673 -52445 
416863 393786 -142944 630448 242996 
-79826 -554347 -302767 365562 -844943 
10768 559935 -334213 115942 -627991 
52570 -591090 -676464 314977 -355538 
-101757 -211480 6839 123458 -403706 
466773 -228406 -663078 473612 411404 
-888585 676284 165892 -610296 -451599 

607644 134159 78379 464700 -751744 
578317 -481409 -684379 -255791 -575353 
-38026 -730353 354163 -727839 782275 
-135977 210982 -287407 -282704 -315406 
-678625 -6835 -552374 -26720 328815 
535 -470097 305669 -309508 -62920 
-703633 25348 310188 -487373 -353627 
-225906 39746 206308 -76471 155689 
-22291 -214839 -27977 293331 13018 

-315841 -210108 225809 -173774 10934 
405807 100575 -215119 -622171 -89743 
-91407 -799446 -474840 -13028 -851098 
-541389 -69509 -464743 -16228 -82537 
470882 183015 34922 -174955 -61176 
-119683 673705 -259648 76558 391001 
289768 -691653 142067 -262606 -234725 
-182804 309229 468727 -360782 -280 
797898 258146 -416038 21898 -148944 

-163224 584271 -162909 -452922 610277 
10692 -464174 -33732 29598 519598 
-350874 843202 -84971 117853 -517580 
-85251 -476339 -417006 215982 -98510 
-8916 -702892 -289699 26005 605801 
-506748 -502472 -324011 77214 -480575 
452250 -210977 -645931 518892 -511347 
442892 -803796 -30169 -642079 -169591 
-116270 -769891 -690510 593187 56335 

381091 49068 234266 735161 84313 
21958 458592 625185 471875 4542 
185816 247410 -102788 -188999 -764363 
-340308 -429030 67034 113170 -71109 
418107 -11512 591242 136407 -40886 
-225366 -676247 533063 611726 -129169 
771912 528496 502533 447900 89359 
-338865 355605 718300 486977 465145 
-277081 23424 96457 -774548 -45028 

-504306 -20188 360406 75799 -278384 
56387 394689 -233485 -410550 522766 
538979 601822 -588619 -226755 336982 
-979780 335940 161793 -213266 -74610 
153697 -267210 93736 -295621 362312 
20492 -682725 246632 431873 -425832 
-315440 -575921 -341820 -221704 -355190 
204663 630698 61106 -204095 -232895 
315378 -222032 -30973 -271057 -411031 

515298 -235482 -724488 296633 525492 
-736146 150585 491130 366543 549292 
-493479 232498 629739 164701 10795 
337600 -34362 619041 -84942 245192 
67263 -588785 70332 -572331 3367 
-130207 -581074 97483 31586 205660 
-208052 -740600 264983 760975 -528009 
-97763 -411556 28283 -27430 -467536 
274549 185194 -188283 4829 -382933 

-312449 -149130 -521391 -520585 147503 
520453 226917 -218263 495232 -406539 
-89287 -374293 -161444 -882713 464992 
-152619 -252095 829796 299247 65358 
511215 78166 -793426 839285 566643 
-692711 -258478 155087 -180780 -285908 
-263679 -763664 -31782 -166195 267923 
-385929 -43227 405685 114492 -723258 
173878 340326 500421 -196383 21380 

63982 -128711 -837193 377426 -345817 
215883 183410 159050 170052 207317 
242171 -563978 -45831 -459740 414901 
405199 -575424 -793485 76638 -756203 
-255484 507849 127309 150201 105989 
436959 -235812 94667 399217 -272749 
404051 -422735 731696 242607 -305448 
-153427 323811 -511369 -58761 239379 
196689 -352194 602776 403204 724443 

-88292 352641 364346 400339 293881 
-368233 12355 103814 751075 388805 
684608 -146922 -463341 279566 106188 
90303 -282318 78606 -746891 -388541 
603726 -383778 -522710 -237225 302626 
735288 -23627 169306 -55971 -99337 
-291055 -219499 -274907 440642 23107 
-96708 153683 187265 506068 40535 
-750858 481274 602956 -623550 -368525 

-291235 -152678 54346 -103971 353390 
301345 295350 -29917 -111193 46426 
148803 -41574 -405131 489452 468332 
-873076 194514 -321194 147231 474080 
-76538 -246688 -100906 -22192 -350659 
-124759 107743 -493553 44547 51772 
516264 62952 -659350 -6446 -657921 
-388767 -192263 -293969 459227 208076 
252483 72689 -59273 958514 15564 

449068 502589 263757 348162 -35955 
-14083 584115 -407895 -351236 199869 
-86901 -399355 36734 853826 559160 
420596 100024 662846 -384247 -236392 
136926 -82902 58958 107010 289553 
-431349 2628 33937 163519 -507920 
-410968 -17749 -86352 579127 -489555 
-593480 -512648 358597 -679832 66479 
-160639 -214311 116967 -101681 -107301 

49466 45899 -281958 -430151 -100275 
-183709 412938 30550 50685 -17213 
-205597 335498 -301107 -636528 -15350 
-130957 -230764 -430931 -867200 117398 
-206446 -861500 -97647 311140 -697981 
-397646 -657748 -268490 -280679 240571 
-121918 -702943 402485 -13461 462172 
107857 125841 -272077 -17193 -70343 
-586078 327887 -362362 316276 -844621 

