84266 -761699 
-192366 -273705 
-742800 159173 
-498493 -62060 
-365401 -367338 

-708299 -42622 
-385970 55428 
641116 240572 
327676 -193407 
178308 -179405 

666716 636105 
216483 150950 
-1415 335168 
-14445 201535 
-212259 -254976 

-550237 374406 
-610748 -17427 
533579 -271853 
347974 -182899 
-79488 706963 

-385767 -727011 
631874 347480 
949609 341632 
-830828 -206362 
-411948 228262 

328417 57255 
-86555 -367490 
268615 -166432 
431681 485098 
318631 96513 

231824 199092 
-24724 249051 
-531833 779655 
278580 -248039 
302198 341066 

202171 -777443 
590684 -419940 
-72461 816404 
-504454 -761 
-72761 408533 

-27174 -108522 
538272 -758560 
-427153 -41889 
528314 -176036 
208693 -30047 

-289071 755974 
242891 -323140 
17926 28188 
265960 28737 
-219302 249750 

164507 605837 
15154 121815 
-687958 -337881 
-816917 323940 
218227 -633321 

-335744 234204 
-121478 334376 
669508 -879271 
125682 207780 
-822290 -288603 

11235 -39955 
-305915 121413 
-366203 29162 
471881 -69153 
278911 699161 

-100098 555556 
-662671 -148671 
218008 -271704 
701322 -115261 
170469 294065 

-493872 199392 
112488 -316212 
113237 -218004 
-679130 238919 
-464115 879033 

-195547 68178 
-902661 115787 
-598198 -107397 
127554 -45398 
56943 -316139 

-92752 53866 
814949 55919 
-292167 125256 
-734190 -590844 
-329684 152278 

388127 -160943 
771837 122483 
518187 -114927 
9995 318046 
607640 -105745 

-686145 -169900 
578116 -640746 
38449 -335417 
-267239 -294330 
-178543 -800695 

-744776 -606980 
206351 120053 
-195920 -254601 
-36762 -19835 
-211317 162472 

389321 -702277 
-95662 -346129 
63446 -838843 
46230 -675315 
-63442 65281 

302041 51215 
318454 -719296 
-497274 615896 
218940 -57213 
-118684 -675817 

-2962 232919 
213084 -446671 
-39411 70425 
815201 -395981 
749249 -39724 

628647 222389 
-165597 293440 
-294324 -397596 
367404 -747230 
-236439 303962 

-400536 -318056 
-355357 -16432 
947311 -152413 
800628 -368983 
-318472 265765 

471552 414665 
1442 799353 
-240371 -638208 
148708 -249309 
-197686 -84212 

537550 120385 
-24614 -447524 
-281926 727758 
-695980 465304 
-35803 187776 

451620 456392 
-76392 551254 
234274 -903737 
243632 -476927 
-225135 484861 

318513 -253023 
-401731 422828 
-310129 78142 
-250450 198832 
-62263 35512 

-334686 261521 
-199277 -842948 
543446 -443387 
-407584 -6110 
-186003 -178079 

-238915 -411138 
528902 24704 
-693218 -270943 
308968 -31137 
575958 552600 

580326 -457629 
-24416 -190844 
-155333 -166651 
-147500 679533 
235081 -570327 

46289 46430 
-242325 689094 
-237941 -282072 
-463738 -215231 
-125019 -656065 

416445 -824867 
365124 -54653 
-85790 292147 
-283811 157740 
-131649 -363934 

109151 359096 
-382346 461773 
-680533 -54030 
-704878 688319 
-289659 -110207 

-435459 283304 
-143322 -123788 
1231 -302116 
-348406 -189752 
230690 -133175 

28630 -541737 
-99838 877402 
551493 317820 
525466 241382 
-596391 132704 

-575150 -738166 
-11525 502377 
731751 613978 
-276035 526153 
723607 -440217 

313928 609293 
-35549 -57634 
762096 -383956 
752614 763327 
-622176 -521207 

-185992 267189 
29219 733970 
-116460 64360 
639540 -644254 
-149325 151818 

68531 34585 
-157453 743050 
-464562 -691609 
302834 823019 
350896 49801 

388721 -724527 
38800 -152228 
-79355 -69997 
-486623 401447 
17491 141336 

235144 -247967 
346509 17526 
203517 117655 
-249371 -321660 
-131508 -624272 

440089 254230 
-486368 -72328 
816085 -183534 
-423224 766284 
750691 -631737 

-185381 880779 
-410866 203339 
367402 -812313 
156252 -393375 
344675 195053 

595631 -122119 
-61955 95303 
-303394 -263745 
159089 -434901 
-126607 141563 

-351538 410259 
337930 -381911 
-505088 -395027 
-197997 678446 
833483 -480632 

-11581 -134663 
520662 415698 
276308 -199030 
-13648 378666 
-256906 -618206 

-295953 -256533 
222345 -216674 
584379 -342753 
444289 484145 
94399 442816 

-180954 269810 
-378652 55828 
-17561 104697 
722786 443167 
431903 -679631 

-694518 -765647 
464274 88214 
99794 547122 
-558307 225490 
-457188 532224 

-657477 -263659 
42819 115408 
-486005 746866 
531030 -143252 
-103892 -441326 

46543 480223 
611329 -274223 
233680 774608 
-207831 -134411 
486639 181935 

-565085 -585767 
108751 53023 
-475150 -589269 
-537191 354466 
-228977 -22272 

-30595 -509939 
-757263 464344 
-394531 308053 
-40968 420957 
-205943 12224 

127522 641509 
44393 289281 
-639818 255203 
154870 -338105 
428215 352914 

-220071 829623 
-633186 -437103 
-208126 285849 
-149065 -47419 
-566285 304779 

-117193 -480206 
-294368 -28076 
-274264 -306592 
-275997 392746 
344199 -51631 

-291199 -91127 
-440919 352676 
237650 -619165 
-449618 402912 
-47380 -127760 

203519 -277693 
446297 467095 
607879 -82331 
35577 363660 
355492 -116600 

-727242 13963 
-466243 158620 
288226 -724068 
-547012 -844434 
643842 361604 

-249805 -139008 
106989 80111 
811672 320247 
286217 20028 
460946 -24652 

422939 -96802 
-213402 -42213 
500738 -250752 
237917 -221569 
-58766 536316 

-370740 713109 
-187753 -97982 
-272928 -218413 
-458768 -222819 
-59793 -331277 

-344863 47197 
-251166 -111020 
-575459 209779 
-770193 676000 
347976 194406 

-420802 -214726 
147749 167944 
31005 652746 
-85174 882149 
-773291 -584437 

385306 -514078 
-48121 260656 
-837326 -391875 
-454286 187554 
397405 764127 

668418 561049 
49471 121462 
372629 524090 
413070 474012 
331241 277397 

414745 195054 
-302558 -467404 
-488520 -437506 
-31655 95916 
437045 -816929 

260189 -14177 
-147826 -194097 
-153355 -20290 
-176850 244050 
689729 237480 

-31611 -32628 
-708175 62358 
667468 -309009 
-184693 -1290 
-722078 341295 

-440242 -594566 
353117 -130873 
666795 740848 
-545618 -364860 
-686158 -135404 

-155694 -745230 
-89601 -69677 
431621 676839 
-243054 -226936 
-595462 -895504 

463106 -124823 
10544 202223 
-7318 772114 
658859 431495 
543518 -339851 

353281 -7009 
842549 -297735 
-371868 -236474 
-73238 -192336 
-323209 425622 

628122 108412 
93276 -396224 
102461 -11220 
363182 23350 
280063 3674 

534100 290607 
579072 -217881 
722249 -473218 
140944 362142 
186931 -441470 

-451945 -140342 
-493624 467140 
-332679 88264 
271046 -655888 
460132 -8832 

-64165 -80241 
-360303 -18775 
513885 -100832 
452524 -383654 
404301 -184293 

-27083 183648 
-273282 -292851 
-15100 -530065 
-3284 -177858 
-135680 113860 

-769646 41133 
-870603 -160293 
-431339 -102325 
29438 370696 
-418999 577492 

241787 643282 
-6335 -100676 
157106 -70499 
255228 694311 
-224021 -340471 

-115705 -177929 
-150845 -120200 
335435 625653 
883083 578504 
-452904 264967 

419579 92885 
558065 -244610 
119311 580 
670377 -133983 
-752660 687462 

6047 150609 
330743 366678 
-888550 489127 
-332914 -409629 
-490145 177103 

-707385 -526664 
-409748 -142166 
-646864 -195719 
-552512 416583 
-80014 625417 

69247 -132933 
54576 -574287 
384000 179845 
-6884 672207 
-64764 -181733 

550642 -109485 
380660 -25519 
-208957 -556081 
667936 73041 
-370472 530334 

138791 406643 
731524 334509 
-40845 -398989 
-585477 -182614 
41124 -225460 

-293093 -65180 
116128 125791 
396596 174063 
17594 208038 
-209937 -472938 

518611 -259783 
443652 186546 
-827523 -455870 
-326777 36785 
236736 229304 

-38914 -804923 
-697837 208962 
45939 -738681 
809973 184729 
296906 -31575 

-607233 -541975 
-815686 827567 
-645371 -726988 
-367912 61537 
724183 231865 

-296320 -39081 
505049 134391 
-603409 -459989 
-22480 359806 
-125391 323892 

-273442 171514 
863903 -587470 
372149 -326125 
-191332 171292 
366592 110831 

-598744 470869 
14488 -176633 
-402741 -443536 
-736963 -353423 
-14909 -526326 

-84564 372313 
-51610 936837 
23057 -171372 
394793 588584 
476848 -102334 

588371 -277750 
69180 -522460 
-668051 476872 
668872 203406 
-141653 -80581 

-279065 149568 
402883 -468527 
-305599 -394161 
-120227 -70792 
33336 -618785 

-28559 949558 
620437 -394454 
194423 52225 
-10938 484564 
-22141 -373540 

-629171 189872 
-882147 11312 
-617770 123961 
733562 702779 
636613 451410 

668086 -74046 
-489098 518518 
-368013 -332623 
150392 129686 
715201 -284515 

15148 515747 
-142900 -523345 
-38780 -886352 
658559 -670190 
-162324 804875 

545335 -306441 
-556354 165690 
237610 -51314 
-205140 355463 
795721 343450 

49632 203412 
306893 -499544 
-120545 -182205 
18974 -405344 
-131531 -304273 

4258 370957 
-20290 28911 
8287 19406 
195197 -542718 
-113296 349035 

658912 -525435 
244930 313670 
284380 412873 
-93101 79240 
251984 -133104 

44103 -886602 
97502 -111147 
-314856 632828 
493045 -132651 
-516491 218425 

193562 486884 
507174 -523915 
-163760 -512232 
21348 -127593 
105734 -671825 

60428 -229777 
-653027 -287806 
-362880 36364 
427814 163907 
-208566 -171236 

32220 -752737 
149762 -364521 
-373918 681223 
7980 233717 
-119908 491488 

33961 238068 
-20744 557876 
-547858 716331 
-59390 571660 
560858 -29922 

141113 -618857 
-255977 -611596 
219216 973800 
110476 -631576 
80618 -204004 

-597327 -905413 
-178208 927005 
424768 -232806 
546015 574529 
-188048 -298116 

-178030 -53630 
-299209 -207914 
-98136 -118603 
418494 -219554 
-148525 -627718 

160510 163159 
427591 -188734 
475507 12737 
785066 -242520 
629532 616620 

112476 786488 
393881 54299 
197141 -153564 
-449165 -65732 
383815 -60104 

13384 -518443 
-146161 185176 
-515614 -651492 
143234 538016 
636153 -384365 

140593 -202218 
444589 265156 
-3558 -182545 
-205754 -311886 
58582 -563551 

128023 -145111 
-257587 -79469 
305509 420512 
-292981 -837494 
536716 188127 

