216828 990751 
877656 756900 
921174 473379 
989329 558259 
579099 806420 

809375 877115 
453784 355101 
419355 993622 
203714 85664 
543862 818599 

911268 296081 
225320 752511 
54191 165986 
807740 171822 
727979 309591 

71410 944807 
816694 949066 
701707 254221 
422446 207388 
328832 517897 

13809 138207 
911365 467593 
9660 330720 
977567 729727 
932737 521430 

548326 360357 
333863 773647 
112869 388054 
455985 920609 
76229 183964 

746552 147639 
128772 79599 
96706 346831 
333820 35504 
554220 179004 

553401 84381 
317211 981118 
551974 843224 
828191 45893 
572951 277280 

83675 637629 
637637 417538 
411276 266858 
321945 867262 
703820 398174 

51226 450372 
545813 696350 
46323 158871 
559534 380143 
710727 113754 

559147 780481 
714487 392711 
761599 782813 
752287 589790 
828706 325238 

867070 912382 
962867 21060 
329920 890496 
804270 168217 
757758 508090 

566391 325336 
474815 628557 
538039 521138 
303780 97573 
417634 14508 

727679 493133 
794989 442166 
885844 72940 
224979 638131 
179083 570037 

479721 46153 
482419 958941 
583565 328692 
849437 387836 
496909 123547 

412278 579653 
965235 887093 
724562 503274 
924584 28342 
600847 342218 

42850 844878 
351703 354191 
287044 753900 
427132 28375 
908383 606215 

598413 388105 
168720 597184 
347046 268638 
442228 712835 
172826 939138 

836382 585104 
35143 801617 
988550 759705 
821244 429486 
304399 938443 

288056 863602 
783322 639759 
217793 586718 
393659 161277 
615094 302043 

283844 729859 
690148 968917 
327043 553546 
237555 769272 
266381 410381 

224762 619115 
511837 776257 
420732 16739 
535962 241976 
446225 840361 

180420 734281 
703963 480094 
374041 438109 
66812 767700 
115738 681906 

586095 399583 
411765 792595 
368500 255161 
346141 122407 
24433 128874 

49140 765547 
747989 560977 
541804 685074 
94069 594118 
443402 540294 

434479 140174 
274576 654795 
620268 164969 
609256 687081 
449021 724994 

885339 35117 
640929 297105 
827712 9429 
68618 690206 
131836 93051 

819080 180976 
374950 83422 
258306 916754 
284848 352375 
510872 728250 

892669 461703 
868425 683597 
632850 5045 
364918 758458 
692126 813940 

999805 93818 
365409 640734 
907275 709473 
650164 975893 
399679 298352 

585296 735112 
995681 960246 
334886 770339 
393352 619734 
122714 420576 

864336 531735 
398631 732761 
731685 547834 
254159 96603 
306292 462637 

426895 306097 
556455 308656 
946832 463730 
18130 113348 
439623 934161 

928052 541271 
185625 923733 
501517 520511 
694072 411221 
656597 333138 

831797 520934 
864874 230429 
770047 112911 
778263 24206 
725866 600907 

486844 152762 
907005 43299 
977770 370189 
23382 995900 
483537 463005 

446414 411589 
4277 632039 
851675 22146 
668903 545747 
433368 325500 

878886 781517 
846434 260112 
11946 616482 
373023 306561 
157040 98889 

907469 643884 
768003 814474 
203536 745774 
184663 226918 
258026 184552 

206275 704440 
596141 726904 
336480 447816 
749051 5383 
509916 698771 

847235 905154 
480288 210022 
165266 8587 
342856 54641 
315148 499896 

669882 738969 
660133 437886 
553443 863669 
700012 254458 
606939 958038 

955362 813214 
662479 551504 
540119 515311 
515672 805522 
37046 541940 

20645 400633 
447094 17285 
610655 612360 
25872 953511 
183353 857373 

453408 853236 
596342 113541 
807474 666138 
493562 507486 
436948 100501 

981876 392311 
430067 160707 
460167 970186 
676018 492191 
292060 229416 

34132 829057 
630050 481226 
846343 240705 
609939 388567 
710569 793292 

245940 163977 
162880 358635 
793870 970354 
24773 287432 
477840 461721 

904285 459717 
370384 334352 
136776 830551 
820891 812795 
322743 629303 

558563 356875 
458361 704965 
838101 821056 
462023 964392 
209623 172592 

757685 455564 
852921 920565 
814199 163143 
407272 355324 
450575 401464 

333397 871212 
377533 703782 
205564 514310 
534333 26455 
843457 857076 

655759 402020 
730303 630472 
623338 84757 
451528 85361 
49149 661151 

774305 806834 
633067 627226 
243752 963618 
790369 167376 
835294 757296 

568840 168692 
628508 946374 
872474 350424 
460684 406807 
893232 304141 

780236 65343 
222513 510539 
695815 845851 
595296 147343 
931212 644446 

324846 221869 
967632 474266 
849095 727736 
437884 155816 
895112 273179 

429464 463953 
958223 574324 
410327 830697 
924749 387363 
237504 334333 

691504 534092 
399676 914017 
560984 95491 
759869 156280 
759186 207433 

317078 84032 
429303 801063 
74650 794750 
45151 28887 
466919 456616 

302066 896383 
920569 260289 
987060 847248 
607338 428161 
234611 361194 

762494 442467 
895287 162170 
356484 456271 
257661 632705 
128903 533199 

356491 962334 
133583 302146 
279749 208234 
96896 324900 
237121 80167 

781516 55539 
976551 218437 
832180 963611 
582037 439518 
908124 333000 

800712 670618 
775467 212351 
832788 648304 
184974 606801 
797361 313878 

140000 153852 
792564 273583 
972350 72313 
998169 585599 
397213 235290 

665766 695082 
290829 158669 
913519 639361 
638632 11909 
78879 546756 

344909 395944 
217374 120377 
124647 50162 
285033 309622 
173315 82394 

139852 829667 
752599 932416 
619603 241301 
4729 617772 
826900 918294 

369415 492667 
613376 176596 
651336 43248 
815958 289969 
55157 411189 

836725 400066 
807133 54100 
36795 448133 
620614 321828 
757755 310282 

920575 897607 
139949 189526 
830023 759552 
430827 351104 
893677 774080 

269398 263092 
266747 882775 
956040 918083 
926023 771998 
724404 497532 

699540 561130 
897598 23025 
131582 450746 
471158 752196 
288926 228913 

62478 725853 
126520 718780 
431731 472895 
994684 378911 
823999 404713 

152991 93398 
184157 419738 
492525 140198 
854173 934900 
428548 578578 

432432 128088 
139708 846382 
151114 271290 
297128 622272 
539838 586055 

851186 118669 
828260 494058 
353801 259992 
966954 348485 
638903 790953 

269551 791894 
400703 453708 
211632 893228 
593906 582157 
828128 538807 

160735 776912 
666895 816795 
623295 818009 
604437 436775 
956634 144276 

539182 324172 
779297 367443 
818230 133098 
627435 301536 
997935 266338 

608842 267486 
58232 9545 
721195 786216 
419126 831453 
368373 763606 

370260 45461 
56871 37156 
862256 680166 
371517 466694 
633293 328151 

127322 172476 
168675 906619 
56271 986906 
39717 683706 
804794 37652 

950044 413636 
305139 524628 
939534 542686 
827196 358660 
374139 711921 

638618 744400 
757382 695489 
297908 135991 
892007 669425 
602685 525301 

513929 246359 
214129 198956 
152978 270400 
185862 709047 
954106 990657 

746699 420502 
920645 568190 
461482 860179 
110876 288678 
218839 485016 

516951 857458 
745768 790686 
69299 43676 
926677 961307 
229453 45714 

486608 259734 
292073 700737 
458691 445051 
971137 160905 
154098 441595 

667914 417149 
862097 588560 
501692 839931 
448739 612568 
128609 183931 

613936 161912 
41389 876056 
952598 110688 
919732 879275 
71995 665538 

924989 74955 
925272 733414 
775692 900315 
694817 263181 
61221 365267 

704776 729135 
782417 83225 
317695 800461 
923156 766435 
413029 568117 

950366 543318 
730030 508107 
419374 682628 
135147 855459 
78256 723495 

520997 519597 
314802 962621 
253012 606847 
862937 947829 
870028 440510 

313097 91157 
685997 611866 
174382 3693 
412327 613891 
286480 341708 

182008 753198 
885026 912038 
777657 820753 
111019 429156 
676212 189275 

669003 713561 
708872 983806 
192534 478236 
590653 571823 
426066 977033 

12333 739163 
68190 698331 
351029 758925 
218376 279708 
372816 21208 

621416 71176 
290758 506443 
983215 68415 
843548 610586 
13923 36112 

316213 682927 
749673 541437 
666733 458559 
19674 773738 
30383 445740 

750771 42716 
701255 335314 
257399 568636 
94239 992127 
848344 983407 

13335 469760 
54583 304093 
492555 554150 
888860 336103 
164736 902784 

372215 997301 
102063 638240 
538739 285148 
96800 558413 
58886 127183 

520505 326009 
686251 738112 
661323 460003 
823100 271914 
452130 671444 

255321 981818 
657556 309905 
802263 666464 
380407 691124 
2567 545144 

110260 891135 
58797 212323 
45727 597536 
497471 142527 
672301 72709 

786062 709158 
398718 988666 
447270 576394 
448669 270370 
848308 417151 

458166 619982 
915321 632075 
446239 717585 
298539 826646 
408709 301106 

888142 35321 
708593 946940 
763996 754321 
60828 261467 
413200 249482 

850528 199263 
958640 249246 
187929 922263 
341992 152950 
708985 190301 

86453 683504 
326635 1775 
315579 772874 
719360 614118 
599520 644421 

431576 487663 
196094 140170 
950955 960090 
410843 11783 
737909 824043 

261265 588437 
539658 736258 
354035 243939 
658521 696028 
396889 883858 

402681 999695 
567362 729316 
1470 882941 
502190 237182 
13411 101710 

397955 444988 
105725 594049 
101510 56680 
554139 512353 
584816 808400 

336396 846081 
396837 392407 
582339 750872 
636346 757212 
446900 549588 

641071 849581 
549283 208433 
95249 67105 
607727 597439 
304287 621138 

215502 702242 
582478 321227 
812643 683988 
894260 883134 
196341 479076 

