756948 851235 273784 178546 478709 
207797 370315 728989 812838 47785 
22062 515601 458195 571879 766167 
389597 529474 476023 945706 55856 
237437 107153 842993 926462 456462 
341883 527314 624381 882172 299312 
721461 155473 150547 511597 334019 
145608 235746 220686 874597 48584 
268472 413012 80538 243019 984891 

846705 632617 514365 839081 94675 
570221 76518 718181 929566 2980 
174643 271449 530294 315376 153622 
345959 553189 825447 12858 64786 
159466 158467 300533 896504 549416 
865469 681328 478780 946007 924348 
980023 309065 73317 10740 148146 
167992 97313 741016 886173 26880 
260348 577168 298329 306994 408896 

968303 652953 962085 793750 665812 
543224 469568 340631 360109 882425 
890047 741930 563753 368828 204290 
4453 865203 513355 77770 875944 
177853 762115 973257 918869 164640 
137 695569 258161 814819 2563 
667057 299474 655517 145495 609577 
837681 205071 595497 178312 565180 
477922 584711 307110 41676 469891 

511400 562481 335095 541107 640252 
211039 718960 918719 700648 154181 
83359 217138 849750 341520 31957 
852314 524930 847783 24183 186777 
457360 861864 391848 569210 556528 
957028 47132 141239 780490 605160 
611131 808243 167642 946226 349350 
324246 673617 68311 242965 374265 
738844 842676 591403 588595 700549 

139712 957261 741831 987496 497796 
928608 961208 359660 320456 46770 
432540 793836 93903 573779 90678 
215415 184910 898921 899409 647488 
248272 223655 321105 832935 982972 
211723 571779 825649 319478 676726 
526198 459191 150339 268029 963039 
648135 712989 440599 524147 33445 
487370 956687 343633 97625 530467 

434311 313040 231729 333233 212450 
879218 97857 952457 716675 930792 
935430 444750 502571 277431 764229 
695650 803629 223420 845989 588010 
702811 494125 300999 143410 18272 
850796 147132 974960 194429 244757 
21779 145092 74150 253508 994677 
802952 649078 92534 755409 882106 
23326 207191 326856 42250 974 

607437 737900 804603 347209 100241 
908965 50020 594366 726316 709783 
128991 577112 856915 620303 287893 
618025 642082 949338 692175 411942 
944015 495127 577373 36550 766888 
975831 59876 490432 819039 618478 
491406 426477 356378 812362 773686 
972972 237679 340059 567338 963996 
49842 696329 57460 423109 832984 

861706 41134 991418 811044 733309 
403361 755059 744788 497086 791609 
28029 472917 367838 518461 291956 
986316 526219 234785 859047 338581 
524824 832019 576261 864883 915709 
56609 914725 128391 114069 854186 
961375 975775 895321 952794 786819 
628630 872507 58231 889771 369593 
366192 917800 358862 734030 952613 

167170 236699 478832 401956 612098 
817414 926780 960469 910027 308015 
392530 966636 739092 520921 80705 
593278 998649 572833 488599 951443 
359652 633582 340302 934235 523353 
226247 300428 957505 585109 550810 
910118 268631 303861 388950 670587 
915959 206364 113719 392780 116391 
938086 785311 599379 677178 822584 

680085 270457 821233 252918 759056 
289028 128922 908990 629330 579510 
432343 855577 879938 906200 957038 
430748 816318 225670 250962 205269 
412609 166921 927985 42681 76054 
44377 980767 861365 160108 657946 
200301 840193 444755 21535 609463 
720163 310563 254738 629154 456246 
834248 577849 828175 230538 484050 

785214 177638 300368 527236 428600 
505637 456197 111874 433623 498878 
187928 994352 995998 565645 670812 
170296 765946 511006 615051 303833 
636821 335214 614397 407911 964368 
586995 758511 58570 415170 989049 
542620 716736 683040 359340 760324 
111640 864978 216522 739866 814953 
231752 444146 325657 227750 9791 

996469 398046 775738 23827 13097 
79571 177001 864664 210320 584912 
345384 313667 343424 403954 728838 
848825 462926 961926 531865 822267 
722251 159858 687245 938773 416076 
18550 686877 860223 860559 914628 
870014 373380 829026 162104 397208 
842124 758028 574209 223140 484700 
675473 568524 798368 535249 972479 

43558 384075 435405 5484 432292 
257672 244087 108502 461269 182860 
524579 996171 386090 384802 373082 
300718 771168 746463 129744 449625 
143671 488220 207653 234232 227712 
208705 426057 796237 7073 961307 
285068 566983 861734 236825 572468 
294026 10850 816555 918881 988471 
515768 443460 500995 901858 344614 

874077 718928 115782 620540 365024 
81759 280563 853245 289412 514795 
80957 498118 457205 393546 21543 
418512 678614 588527 280246 431792 
677347 90624 442642 10254 9505 
431113 526022 452965 932108 944232 
313931 322538 179512 946066 943078 
544537 27825 223642 914134 833590 
254789 511443 331708 711994 904990 

869603 646858 99956 458130 927104 
531748 651829 17729 490742 662084 
543586 438208 188106 512904 886668 
648691 826835 209206 828203 772901 
152285 889092 317079 892279 803226 
150669 147068 831022 998729 375415 
736012 868332 22273 352320 842815 
465730 400421 494644 999811 891163 
156728 543397 845723 861187 572653 

732392 26230 399489 941598 370785 
688742 93883 259878 5821 986162 
579456 672842 649583 410478 671571 
541350 662842 56256 79975 15163 
899071 545705 931936 910067 61868 
339451 583148 121618 185175 960687 
694271 917567 986917 610112 859165 
874054 298855 469401 133932 821028 
455563 229741 493871 621498 640219 

681794 162848 819414 254402 242824 
834577 153473 304881 282865 579893 
366750 622316 679393 4720 807491 
640080 698991 725058 143349 309104 
100576 17403 124311 569977 667688 
461691 25540 897429 955562 163391 
54000 153709 326239 873414 408111 
85415 224343 77937 906649 507208 
174182 789751 129525 853575 794471 

453368 493655 9814 178427 637004 
318918 279003 170759 959581 848980 
838447 421273 390872 735876 893187 
70615 789877 46896 396855 663291 
971360 998622 403987 565649 905271 
911195 739831 695022 40720 593406 
5845 10441 603413 15660 188868 
756769 850930 984223 927528 810512 
349555 765976 231785 256779 18204 

641324 327395 808081 204573 240602 
987725 175933 239224 391712 741582 
660848 819259 481413 872222 376332 
591171 878068 386773 194584 893728 
91993 467705 744658 76216 395233 
71522 942123 677561 303307 198902 
695766 460984 526297 20199 665557 
283251 524276 841490 522476 432340 
99424 699676 251600 97189 571898 

627932 204712 449966 531057 399296 
343694 623050 383353 604705 215618 
778586 676227 157741 456148 495887 
872995 151914 956871 399293 172113 
622428 682544 212742 980270 721372 
645082 596046 421048 896682 209587 
509299 40966 414299 959265 572023 
329947 819312 195073 713300 940369 
410691 491886 616596 84784 464386 

112483 957780 132652 585706 873425 
304766 724486 555969 33860 221108 
793694 678942 817154 731094 575625 
26741 240393 616591 957392 716011 
704967 287339 535323 900040 639 
992044 827084 8878 608640 911868 
473264 237476 869648 605917 339534 
743073 427035 64021 815395 460895 
285129 125441 139837 618636 856535 

231814 161729 613281 848406 119122 
329292 69725 406461 380967 969765 
923453 889363 313201 932331 498003 
225070 405595 251831 611070 11512 
591366 870496 438547 655387 202243 
415794 456868 327684 555632 591856 
700571 787446 753586 313852 152204 
389060 159496 221929 795521 56815 
708047 718974 946178 21248 651305 

960534 762670 573253 212365 890093 
584765 803731 760589 539665 975470 
962832 955459 948691 806868 27443 
540547 507439 331242 294133 337644 
483446 683193 13492 221728 995067 
586660 929775 230393 49190 467375 
398051 9724 230046 971304 738442 
120139 72421 58525 397080 128438 
33996 876264 83898 499039 683132 

627693 39586 706923 958935 850072 
44567 958734 49617 574412 180462 
44684 161072 626589 791430 210262 
93964 189481 736339 840362 160785 
474781 960501 749558 533306 873933 
877997 83654 750197 478247 582693 
433329 105940 622280 140253 581228 
472352 701172 539962 521969 275584 
236776 83006 953008 863365 874436 

163271 473681 580269 899610 314044 
257406 890743 790897 6964 940401 
664831 884961 24056 931380 879560 
123101 364710 501853 745381 21315 
83081 734085 238839 139395 772407 
514424 892523 371765 467432 272240 
762553 147055 745921 342822 563017 
59965 600228 453760 367215 123544 
394162 548398 524858 934570 479778 

404418 57671 360840 906271 319405 
382155 505704 569842 620995 645099 
858601 651771 53974 746718 635555 
326214 509271 782611 72136 852093 
345628 648453 968673 315741 15668 
92218 226255 564066 133428 677177 
43845 537846 251200 404685 960470 
570605 303193 466174 656800 440540 
627626 31753 92311 681600 778472 

727866 7815 287743 26829 79951 
656189 888810 244756 141214 204551 
260425 749784 947158 340843 883212 
624335 901040 937411 875535 822078 
897881 962493 641623 364055 135645 
82163 508033 167398 690826 189634 
462222 935044 713801 749966 961874 
793752 922507 367036 554860 63721 
571587 331637 329858 35097 672481 

213070 175784 89873 150481 51319 
428303 48362 530164 69926 928770 
182161 668441 436803 349560 359267 
142789 328134 810664 856590 594452 
288890 166694 516959 655926 721555 
97033 743865 53192 426891 778962 
242025 156313 954746 848251 306795 
522417 276554 871509 52582 346481 
316631 751095 531274 269787 100655 

890542 412576 945142 217558 785519 
539594 506448 952213 56554 162374 
190120 669939 906239 243313 96830 
201553 1690 769495 156299 849941 
76290 678716 642848 464152 247650 
505681 780783 998746 36955 50570 
615753 927497 979499 560895 145055 
765018 616842 167855 233583 673396 
330229 423704 859687 752820 183369 

472869 954373 185059 242364 627024 
551353 835007 822093 710553 299159 
586095 216234 596294 101193 253189 
163217 233299 697039 142716 794194 
358446 424086 411036 526302 657669 
600784 372883 597725 460471 125704 
781094 449692 596429 482506 692057 
223454 33859 527064 561899 744412 
826223 147994 476998 938869 249188 

730187 102086 482487 427226 761154 
793033 785673 185240 720422 311975 
359262 837558 684858 956987 814382 
326914 738082 264074 439696 220588 
956131 663150 770799 483195 741401 
31563 825770 889395 508561 764640 
654935 238748 383078 137422 182327 
144233 446808 968000 329473 167230 
796327 688735 4788 997537 162075 

819170 324452 900157 599597 764148 
637097 555728 943650 407896 555276 
685051 955811 897398 90798 980724 
178390 745734 219472 561469 883156 
918151 705702 329964 886151 551527 
13546 682478 756615 534687 196368 
918690 870209 520820 335199 469806 
801320 972296 25535 261322 380192 
97163 462725 852355 994561 553523 

833079 172952 299257 568903 250773 
698766 487055 472827 545082 889558 
540706 74981 88389 297321 609668 
284757 732363 479877 805577 67562 
466036 123249 39858 7923 384571 
936402 105086 363648 788757 615999 
917171 138188 305303 732781 707092 
556076 431547 194147 28903 492981 
83705 85962 567962 172094 383283 

693982 456851 115647 690212 778780 
699561 156248 418381 739420 164171 
319304 192174 269257 682952 980932 
401608 600124 119120 706912 332905 
342564 262988 280804 536711 808244 
290137 136769 894206 374452 825215 
793841 68434 798419 425840 758646 
577199 125402 914894 995581 381174 
595417 314885 573348 864674 997838 

70632 266283 114314 706105 489547 
963571 48669 752535 760727 101733 
77131 50864 238502 487689 425316 
580069 281531 493751 378488 707371 
768749 955688 349125 683644 467621 
730299 279061 298858 820000 660088 
813048 890632 442723 927362 113089 
932270 407285 678111 201157 168012 
779844 794641 218877 534698 282330 

160545 114767 563861 170648 493256 
787585 939398 965296 653062 139394 
949269 899714 934807 248127 719714 
111247 577528 126698 553970 504890 
239788 2592 428528 434251 720102 
596540 214095 514743 815417 265145 
313425 492315 379912 877287 662963 
389520 181224 602361 871168 834286 
741755 336789 734000 676563 101269 

970066 787810 678797 613117 858133 
700039 369257 377077 128567 803508 
613531 725108 17603 128274 56877 
282748 441700 549192 179012 835339 
728508 84885 532915 330869 472405 
883553 588977 809195 133906 781892 
910464 103972 86054 589261 717089 
944187 805652 86346 837617 934220 
889854 451148 659328 423809 95775 

232557 222909 537475 781750 401922 
889166 510258 3159 422081 357479 
475564 305634 946456 801111 439540 
244700 227927 59865 330755 333540 
293306 274942 139193 379653 628911 
73413 785859 80060 249093 209669 
175835 481650 948930 229662 779752 
867204 635180 806362 870363 573613 
680194 862280 395599 143002 179743 

351492 387703 407671 411357 718458 
741211 704663 993400 880404 600668 
138664 470169 386528 218724 719262 
112549 910911 717265 61479 656925 
13369 928684 292105 819732 315399 
865718 16278 694031 261317 159280 
873775 612809 546983 281446 540518 
265441 22657 245182 775194 419414 
362202 913858 405935 748730 648934 

641550 377631 559845 358815 439111 
216770 372184 884147 508875 708268 
715898 890945 240898 409930 668614 
400179 283705 797776 947162 565151 
338294 212604 104160 99828 504150 
39926 462031 418008 445862 727113 
66942 87412 104745 143139 962579 
60208 359909 851115 460707 385136 
75736 176605 792433 316634 102887 

461047 716813 386592 258823 663976 
468095 113470 392932 88608 213298 
897082 128534 191681 831442 90748 
918795 898384 178160 539892 41523 
140739 116452 917784 508207 93511 
819272 583943 786468 611705 900577 
889356 72752 133743 275948 847928 
314071 744044 961398 707003 832652 
174696 120437 477538 882730 951879 

568287 801525 366615 262799 857769 
924490 919891 490573 842274 428098 
584084 661546 12041 370552 273251 
428970 259908 862355 562713 52209 
710283 876784 312605 188033 100139 
661609 879082 220576 139147 761812 
688807 223786 79689 55422 486586 
937458 979912 406477 428031 338538 
350927 528467 516436 362968 415371 

306039 308290 675280 168395 387356 
243841 395030 780492 72798 99416 
880632 734407 978498 617560 389906 
740310 822720 130045 819999 394494 
616631 273809 890759 539460 218192 
229297 890387 746659 745734 769707 
162030 568125 594349 353662 736520 
981705 113855 647903 762198 186653 
263671 159182 921060 242169 293094 

827319 498831 115814 957364 835182 
510309 90347 108991 917420 629807 
327183 146717 36546 590194 408803 
806253 268576 976929 916954 138591 
229801 898660 252446 394056 177210 
439100 657727 852744 876512 899896 
145838 703831 915079 778005 177547 
750261 804666 267894 859252 722086 
414053 702787 385155 450599 809333 

310311 773204 77910 287240 690159 
732853 33393 105171 985299 427450 
798733 940751 85177 651477 817264 
501426 313667 37447 416505 608024 
214995 166767 412690 999241 542371 
651128 413295 761511 36284 380246 
87196 346595 153451 681458 150187 
359962 414311 183580 465133 399611 
127382 780218 340362 728912 431695 

157626 746690 261714 711426 163195 
869739 442773 846314 798781 442014 
905038 449910 371661 182901 2546 
751908 270097 865493 421711 951556 
532032 781673 365867 231964 763158 
765478 359347 543376 622193 88259 
491423 296171 834949 753137 7597 
514496 622876 966722 877163 421658 
408737 298553 387920 296750 481454 

906818 48658 751551 772311 470369 
219459 820695 768394 585327 52659 
531552 867157 412006 591280 489350 
16617 82703 785522 367918 352193 
309471 882415 975069 276194 275930 
913079 201283 574483 817351 498033 
55937 724169 63044 323840 12832 
49765 543300 833527 818160 644979 
886187 866064 512136 814545 457345 

517839 831163 56400 819713 199081 
408593 129184 597848 900015 921730 
873778 329446 639365 448261 146798 
137399 20550 387319 716795 344391 
400152 766560 404043 750031 584720 
49022 636218 450785 77510 450764 
908130 595349 798279 964530 931414 
513712 889476 576951 111561 789491 
498681 985339 118937 138047 949953 

265735 791798 486855 653055 508593 
831246 569559 275153 751641 319590 
376226 317015 472161 827011 394526 
439277 251493 506227 237556 732375 
437642 751268 621851 530945 862829 
927694 29626 364521 46632 684025 
830826 828719 992175 317681 998126 
17120 665280 84037 808626 416921 
403628 184852 733937 875789 528215 

644815 315066 779708 667394 68974 
28435 621388 820242 166639 152333 
199424 94333 698312 80297 657317 
898689 427475 486037 890865 745156 
515 424337 926788 84553 232963 
343710 4533 417815 593999 880322 
946030 755166 711740 242090 422560 
780714 270526 560301 117308 953517 
712634 833084 47850 410946 429733 

221520 309636 857208 223909 716853 
602365 224424 141190 45505 825329 
374154 905567 829862 308321 499566 
226536 254352 771084 454628 12794 
709997 751694 799672 270298 869003 
753189 982932 218439 317392 910231 
648173 538912 736219 505381 279173 
969424 624098 19949 110614 669604 
845279 1120 575171 191493 309442 

591090 418030 80146 878526 872658 
92940 588523 624353 408965 375173 
9708 162154 874458 228147 995898 
784689 876320 51162 37260 898054 
330335 6684 522152 350285 117298 
708108 711916 634771 283280 903409 
944213 390722 837791 540711 269248 
710450 150003 374124 851155 558968 
749297 377215 237475 623755 605362 

233373 408444 998035 800888 962056 
896089 647575 968740 934593 997860 
602391 642702 226128 237162 442334 
129538 697727 349408 483681 238438 
618656 710483 388441 992780 561638 
947410 742078 455205 184885 882185 
60568 934610 290630 574955 735498 
769038 987396 383074 737779 921989 
897286 340170 81043 639767 93684 

39729 769305 791411 389137 769338 
29849 524146 479822 418290 33278 
557812 882052 775356 13018 583289 
657542 589938 517900 464524 164893 
769750 749914 152289 669176 487693 
590630 566463 344215 188026 722582 
437899 744107 491887 229310 133245 
777577 259159 173743 257399 193802 
207021 815212 592206 498730 828230 

175496 672624 418168 209748 653500 
99413 979498 403414 251702 165027 
891108 358684 247842 235323 63062 
970424 189575 807170 978663 418885 
456767 756240 194397 630510 13640 
904551 837531 828852 496757 852613 
173434 188605 525237 591602 398353 
178737 691015 894204 582152 459069 
59231 989612 334105 307073 741287 

397168 277497 930862 204338 256160 
866100 661105 12400 60497 807967 
26040 481400 645498 371244 978157 
14464 544678 166763 539701 652632 
81468 234791 343647 975672 333295 
319068 551255 322907 653174 858328 
64194 50342 652177 511409 771032 
908337 377509 432137 437090 954358 
240104 979482 435758 401954 350727 

413915 932770 411757 97030 472472 
64390 694851 223615 924389 186875 
556910 243458 738131 879817 412984 
112811 460363 979678 764989 488124 
750710 673326 865633 699199 110416 
819991 455655 606251 255749 373961 
956978 186017 306732 885087 799399 
295556 949477 494250 519171 390219 
197478 76081 150029 935609 472250 

563013 48420 448965 542691 813409 
937090 809753 3088 802723 508952 
629856 139067 964607 236107 911168 
338568 709437 613537 645300 594525 
929289 940856 60354 939891 460027 
450573 137369 52460 600602 72978 
524710 163615 637751 973676 222658 
451160 427118 32411 970600 746193 
541363 600457 885260 505970 352916 

312781 360891 62354 926318 6191 
656879 855607 463400 717233 795499 
439779 684159 449220 492240 284761 
522199 533302 448377 159950 23330 
187387 127462 450448 219799 98063 
196642 277514 214872 81902 299837 
567788 911035 660728 630142 837354 
183271 803373 209313 646671 36959 
521164 602803 721118 970385 95043 

5879 8936 144697 970608 168886 
168028 157996 812700 618476 894147 
910763 815118 171661 125635 413373 
471498 209776 324408 648578 356270 
678114 831850 159644 403780 994873 
712955 924944 597676 434073 411681 
209071 956304 936969 353769 443265 
622207 521797 117613 434908 140273 
11760 862023 471744 183421 504011 

885117 171272 713787 209525 819850 
70057 403992 651700 746053 807772 
162926 459008 249068 760602 893081 
177102 486026 365738 114071 839795 
809003 736279 877944 926616 171187 
534569 454728 33210 6313 154501 
53573 891430 325773 767360 617308 
661976 837418 537652 830028 583471 
345424 992954 558832 110844 269909 

968265 287946 755935 334003 402018 
595730 659358 138297 990026 585974 
825836 524595 40702 375398 530909 
195204 428972 938691 37329 712684 
72351 699305 550102 610003 529334 
649926 471779 38640 725110 582624 
308549 693375 870570 64484 27379 
788940 176566 686737 443589 166592 
789064 269425 691188 346118 161176 

222097 57674 106500 677140 95004 
819184 749492 310661 885639 875847 
839995 51917 347627 878636 777027 
446603 703537 470402 833525 768022 
14133 622466 944588 217223 66055 
627533 6287 851833 318721 868757 
13009 57170 926432 119509 734310 
21436 455045 154 848449 340684 
876002 688445 392601 739981 83433 

169628 186584 786970 156383 20109 
71344 170516 158927 15933 387739 
224983 159818 394026 593168 478539 
262784 606177 535709 705568 242038 
786371 243356 213435 302878 91805 
554120 695232 780250 463073 435213 
380035 632702 138149 683358 789085 
674610 754702 475953 833538 286987 
863693 574873 446805 774071 168041 

441696 553207 290570 977405 258775 
48960 280129 502131 262395 99359 
593937 332867 794591 890539 795941 
229804 786927 428643 884305 470285 
734080 558915 741339 210033 908805 
28327 590078 30 991484 364150 
684423 433181 917357 491345 926938 
692485 540305 723419 194616 319053 
822778 304905 651920 617369 711797 

964213 363525 498724 909208 247830 
485361 643288 323098 226700 369674 
748255 771379 476104 748286 762864 
840254 949061 712397 273964 440407 
639335 966449 497064 362755 161065 
332469 701885 982323 500742 319255 
694120 464955 682780 709196 374164 
446963 194557 533804 770061 937609 
419830 34668 708989 895935 299306 

988205 252541 248368 700602 526505 
688775 856289 492954 702191 735396 
170372 34661 437282 152695 51755 
756537 363167 516710 955669 72363 
407226 402632 783272 941031 172693 
720881 360861 723714 946222 773148 
23020 934427 25690 271388 151381 
552195 476515 524023 561502 695059 
259419 731874 729720 213053 400921 

297827 485942 280440 814537 441612 
352803 221764 844244 652427 679147 
533290 373308 40008 257004 319531 
329509 280024 770310 355199 67765 
921692 423746 60632 962067 985248 
755691 221486 233474 1763 950892 
634395 299590 436834 431187 114128 
878446 300342 852244 722691 952769 
531391 772333 326078 87751 545689 

161961 417260 342065 932271 288811 
409830 370315 712558 470463 332382 
697806 226154 70221 447633 227918 
537465 82028 43860 974299 29568 
157988 852746 329910 526584 91789 
282680 57975 380474 125110 145727 
926163 287071 562987 268228 735694 
851799 678059 622362 80709 664874 
471096 778515 407380 57669 742500 

151650 595134 824529 195511 569434 
370449 869851 938532 700359 396436 
546673 983039 454411 927147 624501 
116490 853310 427924 195830 637890 
163619 47629 315949 785981 644690 
497175 773429 939557 904556 831099 
682058 572558 426233 22939 768069 
512019 393388 637921 450551 93747 
34357 997224 593139 5120 440723 

733992 121611 294033 161917 317441 
931924 325536 881422 764225 627869 
526112 777753 917650 465669 198661 
748749 147727 771219 691335 170666 
539289 203354 80406 693562 170258 
174154 244271 683834 283645 249391 
124558 17637 371002 934943 179554 
204795 383219 21442 86217 663797 
165663 128681 441550 83314 594351 

156563 832063 258430 927782 39750 
945449 983423 243105 25855 676985 
929715 716361 921256 613549 6 
687000 738107 533996 574354 189403 
229902 779150 572622 251345 381719 
752771 417008 26753 194321 16674 
621104 350884 365090 395886 795019 
404840 857687 778442 647945 883543 
971780 94012 116256 409388 707562 

632615 96388 962021 166611 187095 
151424 912865 482597 240399 164210 
864316 993170 97571 891069 703844 
630597 28525 571080 995687 940764 
366099 400528 798451 660894 564825 
198346 632674 658838 830955 558414 
882752 463570 171155 844773 146533 
358250 512550 59398 357199 752949 
739961 221515 262471 353884 628937 

966315 984481 173814 537396 980169 
630930 419847 897049 945734 80741 
461874 660432 229767 637064 491387 
304534 519816 471309 475689 880942 
617842 350291 393492 193593 707490 
662793 449906 445357 925264 803790 
590646 407932 304623 280813 461680 
284792 911743 881527 698193 857477 
478621 160068 517910 224740 313484 

525649 529274 349653 996959 4963 
230595 131153 871606 624087 324746 
579096 803232 774652 540806 244848 
94794 131452 652780 399418 412265 
114460 200562 840361 512340 898756 
214190 990961 575176 732100 215701 
405012 257750 744976 754665 771061 
266291 985260 902214 137898 125699 
226961 233346 928931 517965 290504 

690132 129112 421957 342912 44882 
350574 973725 761796 707287 486065 
660552 921478 477026 752080 653578 
692727 157093 427680 954055 911758 
715093 736699 413371 617308 874597 
539070 360621 624295 984354 394938 
431152 674486 524050 369461 533750 
85284 720035 507475 847081 427323 
993540 507633 865153 986918 776066 

35083 195998 449511 979116 150053 
877621 694209 886752 290992 311517 
277701 830063 672138 418349 330769 
67077 849501 5255 107479 218962 
55357 192764 455349 562833 39845 
399024 72725 63830 264177 59644 
356248 299261 255642 805759 278377 
922047 683381 972586 808800 974373 
800456 602853 320788 988946 21202 

651557 56023 387055 173164 679855 
122369 744874 872619 577719 307707 
428816 493095 380432 8998 757273 
956428 365247 572886 212070 171006 
851263 134118 854387 340201 459270 
345113 140657 578475 182253 129604 
599678 350163 701979 503085 523327 
898186 625455 268201 287157 719526 
92260 715973 212621 989045 724972 

969894 945473 606571 542780 673896 
293929 910395 324366 664669 766949 
783636 9782 423958 362111 192035 
69914 478141 542198 771894 497579 
581878 670080 123034 366431 957238 
842560 975044 189563 55181 964089 
430887 541428 909562 553810 600560 
583458 847740 510956 907824 512409 
794257 207812 522191 218215 86276 

230578 288130 80769 289129 576376 
578348 387359 246456 217734 753790 
720046 576646 728834 425962 148180 
209275 373201 689608 118838 927012 
290168 218648 774752 317476 642825 
287161 111733 366989 325704 846301 
969617 556282 134431 50387 361763 
710807 145087 749122 473615 879174 
502913 710014 455820 748099 652328 

604000 957375 25529 809960 592565 
952541 100129 811213 243645 933957 
970390 530806 562043 337380 856510 
408344 823349 929145 59127 873736 
290908 286286 535176 40031 276253 
930702 59296 986267 902874 807395 
154947 506875 281122 180477 316835 
873687 649370 933316 201253 893016 
383626 687995 940174 945669 541727 

313037 870365 365077 242182 445844 
755165 49442 732130 290341 89473 
8383 737395 148769 511003 640270 
472517 182302 663497 269991 362779 
496684 143679 528502 430001 861284 
937870 329979 65631 878044 792000 
607359 191081 662365 972436 949615 
624561 727601 999058 356691 534295 
88531 881426 788042 753653 908781 

428312 742522 91084 91809 12513 
970215 588494 672544 15069 534847 
50180 952939 864826 115812 347336 
173178 723171 54769 835543 211959 
4385 976456 455912 3443 333147 
506559 608326 730925 294602 878331 
639707 722914 620853 730791 331076 
149719 217358 919570 822263 232428 
970769 388796 185367 351947 504608 

49055 525125 744131 103825 877020 
956090 108210 853476 928354 628005 
186623 434914 752683 433900 729516 
631015 73607 968782 768220 320750 
299858 434291 538109 219428 256555 
770537 706549 161703 472256 58496 
666311 521312 583621 410442 625137 
460641 882884 249699 830469 811238 
877704 533444 246152 146739 967345 

492020 777754 40952 460803 62327 
878055 760661 496618 932516 496442 
269525 703053 202991 431228 691661 
777840 613891 729325 361461 24333 
870814 338455 423569 636865 168924 
751160 514569 218721 513664 177661 
186066 5685 955415 743370 466488 
534094 621425 743501 30713 553941 
239943 816590 773346 959287 247819 

981360 737127 861710 227037 614940 
402396 97852 953395 342317 251069 
638672 93477 281991 857393 607142 
459652 559811 129179 415067 819533 
595667 465514 440959 855520 496227 
511252 611816 312817 800951 571103 
76988 298663 824582 938699 525700 
439522 857447 139904 909270 199764 
390974 547942 293242 672965 921687 

416736 132617 997850 545915 64036 
817383 657934 529550 774694 513454 
542129 285947 125270 371299 603250 
212725 448287 418265 37307 903338 
943965 476830 277137 600222 386100 
476902 507548 450394 286496 696865 
372081 703232 345834 886283 765499 
409870 703666 423433 455773 478361 
936887 514254 280660 578510 885553 

883910 791235 850193 302175 344895 
269883 762492 821725 547021 879066 
724177 540275 902966 174571 826771 
599831 63004 46355 945665 949287 
811854 871888 652953 751639 844013 
131314 688526 358267 411974 783388 
760173 812236 90976 126718 630763 
435871 396601 909608 773948 459974 
305026 498125 249 207993 672696 

343372 807824 735700 389727 269842 
201339 717933 658082 854292 469572 
502095 501959 674451 376714 430285 
457839 653239 242522 65167 779957 
389637 501038 176559 299245 791338 
636533 604272 289463 153135 812265 
478511 496507 136441 214211 402587 
922635 931902 120520 580717 786195 
590093 82812 804506 780896 975879 

234791 755087 629118 993665 820255 
409076 383303 837645 101987 198900 
628984 254872 319524 434799 408007 
648141 913311 420867 784583 643874 
823454 707218 575777 943974 804288 
878324 50419 403452 682830 347667 
379331 917621 102755 524802 911287 
923010 450230 810942 277007 552217 
9842 422343 323441 329367 857143 

247801 977508 770454 668668 278443 
930680 8474 502014 506457 468800 
306302 384781 519220 709754 67611 
866887 605438 501585 485994 130240 
929224 925356 580470 740166 202364 
649039 750008 141059 488832 595727 
998202 736633 89588 285008 921653 
368031 732041 930127 870045 238498 
398928 692699 139632 434500 402454 

207243 817739 524244 225180 303734 
654484 154404 229090 751306 894570 
947806 916697 160931 88866 405529 
273010 603420 658515 362598 404781 
580168 246982 136822 510296 117027 
375320 425576 326079 514952 860076 
244885 238548 677815 769129 980080 
981549 423613 134485 726992 691271 
545407 674798 607968 222690 763664 

529849 495701 367085 188364 374651 
288218 768533 621633 425040 795181 
738661 316712 220757 581092 348017 
597185 825977 586565 791352 595106 
566645 772902 535071 217482 16246 
226342 762890 691044 350662 985580 
454709 880511 997633 338146 585228 
372285 142716 353761 993918 567756 
665294 248931 884468 402403 830023 

232485 999588 172352 335402 790940 
767458 418400 80194 818881 635882 
96440 561575 915124 787485 912237 
417057 758546 309101 931042 613044 
894329 303327 755760 764442 813598 
839868 429736 578881 240688 832139 
408905 989526 348079 97609 841280 
655371 865068 259680 735566 683949 
411915 348358 245525 843391 135843 

674114 776800 410741 983215 707843 
540137 393896 11170 812249 158338 
341120 168469 104426 920002 409158 
936565 845259 915036 800996 942868 
756316 456368 324288 532349 191934 
524590 460616 540292 286467 304007 
192488 960581 80808 119581 460149 
788651 659719 854045 316173 988320 
528736 173646 156790 633162 93648 

82300 86080 455259 997336 403428 
398127 753652 859796 238768 286001 
568082 763358 746617 624727 49825 
566977 333567 526758 164137 453148 
986907 952788 629219 357305 785313 
617540 402393 958959 290682 551907 
568959 372982 637987 24218 370318 
41416 938698 640322 417564 177466 
926324 985647 457176 189293 126726 

507001 272622 460293 550111 436759 
913441 537019 905899 59013 410676 
691213 192905 329421 166524 483587 
881328 251836 856569 35668 792406 
743239 593436 247456 383561 11000 
941274 826237 512999 398450 15531 
639725 421803 804505 100018 971915 
241265 13460 25286 147164 588825 
952314 838377 781730 281735 521254 

265317 163063 289442 638238 198731 
81848 381477 792167 329305 281390 
319520 786931 107628 832519 185382 
639511 472245 123537 444016 572263 
95452 685281 102075 637090 832446 
690900 589404 187175 472630 871139 
224781 254299 34203 514223 408889 
749286 112424 306718 541454 958081 
588109 860974 745012 695737 693493 

930394 851600 682090 53932 295616 
254354 665736 497250 872781 302827 
846048 80034 892231 549575 69016 
763371 774357 839668 313926 804932 
248557 63212 917356 555276 121018 
391789 143385 981992 136802 355474 
191838 583548 207074 873928 153832 
502690 644634 819569 516292 33768 
638748 362340 113802 47331 911916 

699170 810702 202625 538838 640980 
7557 787396 704193 441266 342672 
341563 833055 2409 323556 486209 
357883 31746 69758 564957 422026 
223590 583999 583013 559511 616644 
616781 198259 978984 246935 245591 
407252 946105 572645 609877 484944 
213626 133787 272340 434171 91405 
131364 292086 924460 133773 615642 

927022 8008 163740 996780 89317 
585767 220370 673316 168780 779882 
806312 301913 494493 785297 548848 
740084 192549 494953 829082 318779 
496249 559060 452566 284941 509583 
543971 416305 801669 984783 66430 
417312 911805 74438 97404 908585 
163755 683171 645308 353424 368303 
941542 159736 670216 436035 461385 

219064 692472 170287 230370 521554 
489066 726619 80614 457984 527913 
590197 518307 460570 391866 503090 
527001 325530 931248 117791 422935 
356185 797899 622458 1493 667675 
990762 943035 343763 660978 895423 
805149 396395 587895 491788 143117 
109449 497206 869736 190063 955190 
914001 296612 473497 374572 688478 

976587 901573 530361 424187 535716 
469648 780373 333615 92106 781866 
1290 599220 241254 345054 776551 
136677 666555 172946 724572 674695 
316063 350373 171901 702151 56788 
127091 616153 353400 600588 990725 
558230 93527 408650 88591 34067 
944366 558239 814440 794334 166698 
112658 311976 765918 353912 173382 

542469 6941 839937 231767 731513 
514632 64182 598238 686533 282686 
655026 329976 898839 8426 446916 
405916 566657 56796 330918 171600 
90863 791636 246192 905303 102322 
412890 17961 414299 695160 888226 
587681 753982 895167 943971 985749 
143033 458603 566284 741271 661489 
848970 396298 507817 264161 921076 

954734 186429 4085 11530 517347 
692038 102393 825335 938230 524048 
927658 867472 542009 341957 78984 
946587 929638 832966 841755 873609 
335068 501140 848565 901352 758763 
26406 750322 671413 534223 14483 
592490 5309 200912 112927 16839 
234611 804965 635584 59946 259547 
159632 987604 127019 217994 845913 

722356 164581 775552 555322 522688 
165513 406742 23828 530430 308094 
298944 556836 574768 970357 607412 
105603 562847 612721 822867 675775 
145913 57478 997092 781497 633777 
256640 457482 137733 383659 675476 
983647 106015 356409 275551 177690 
395450 957416 584432 935630 487847 
408879 234574 561035 983647 204932 

684799 605603 284131 297521 428470 
959906 959786 2301 956999 741283 
636078 213639 715117 290163 113650 
906945 790162 736018 779707 65713 
430060 175157 23130 530844 110787 
27329 939723 345362 104716 439723 
66646 789516 45326 350777 603389 
990148 827036 563175 992449 784035 
820810 144879 514026 52280 951395 

144028 959225 741557 396398 738932 
807271 826458 914089 346753 873655 
541229 890434 813378 402943 511502 
769453 469589 301018 331131 820366 
420759 321280 647402 500286 830081 
947789 321097 491313 978167 889729 
442708 638548 848954 184265 34946 
104239 507888 377757 18328 370993 
251412 75909 261427 581142 478852 

772930 350596 464793 590300 681727 
285160 11060 3007 448914 27698 
349441 913056 865147 840754 891223 
754876 283462 529771 603831 984079 
81070 224422 491968 458827 759102 
862961 710239 835012 640741 291381 
313864 930023 158329 778658 36675 
840057 580170 564087 359416 545436 
591786 708857 458492 456933 65963 

866068 211810 349425 912191 331993 
849857 993261 556415 341825 968440 
315517 721138 678679 666881 878231 
486413 497098 808254 644742 792108 
844930 1151 372278 409017 876920 
434066 517155 585777 892559 974089 
168093 274979 702251 33870 187170 
550596 883727 696784 623363 741904 
665224 938880 463043 860256 122114 

341274 863021 619212 665881 24115 
411320 27163 541619 299950 952532 
418539 734016 469688 4316 142927 
960129 688761 417906 662380 722632 
121429 729328 606359 334565 352691 
348264 999789 807923 327659 376397 
930037 185285 755770 549249 367518 
296238 960569 394681 837857 260519 
347214 256396 994536 333254 777064 

137463 293383 465826 71722 472115 
188458 193151 201443 311169 527716 
554134 175785 43857 362057 503444 
936607 808447 205082 208729 357696 
572600 504967 834618 483634 342824 
611489 347200 599220 122377 680454 
376285 259841 490189 842111 847915 
478656 546921 557418 196451 858090 
85134 750585 33876 645343 628994 

53672 98302 953793 775106 307032 
311490 864059 811999 662460 347693 
154824 273949 694893 754044 396327 
891699 646681 172520 898240 488792 
20435 376896 552065 577853 573347 
410156 179339 840284 960384 824682 
985630 530408 439337 939424 305515 
746369 767266 685926 558368 429726 
33619 713192 703675 244864 983589 

616354 652915 630270 788874 551155 
635415 809309 444403 187480 903514 
534102 113988 82853 374386 590724 
423888 876368 121133 863225 332144 
943000 609594 99410 628926 684314 
45488 178897 913859 265516 423761 
897448 881870 76676 44070 670745 
144183 679485 996406 588586 383318 
899921 122688 497306 499126 13426 

604383 923014 406146 725516 302591 
738291 184868 428537 354053 813794 
112852 399542 992691 26711 181410 
932804 440511 63280 525832 484581 
734025 670015 680419 730432 774953 
63737 146705 413993 77395 645831 
427419 681778 85198 349917 923646 
387789 604560 108514 816327 958614 
438660 445531 874508 947703 472242 

55918 880507 912753 119198 922691 
397334 369576 592706 594105 616360 
367659 657842 763065 781652 251590 
408896 725423 933368 10446 591693 
857015 398236 196253 481881 730915 
154867 920542 176446 545727 868245 
165040 601645 265105 594145 237196 
187796 507831 606772 296855 101937 
223132 180866 276131 502549 478871 

527721 427797 204294 977442 438244 
795987 350809 352832 992241 832690 
600099 663460 753232 292897 209188 
137830 457937 810833 402935 568434 
564381 107083 76265 171153 403938 
178202 910637 584805 970686 413186 
63676 498407 840984 267970 475849 
795580 580310 826658 148412 88903 
175701 748511 268715 445285 557760 

477903 583115 15697 805089 502402 
584131 369470 609486 176748 56976 
13424 871303 967613 598229 841989 
897152 661905 856748 254488 446228 
332598 50068 542890 675608 714832 
631793 367661 979695 900508 812947 
537455 894764 912414 69504 699853 
414817 169987 585675 24303 863087 
159003 554079 734390 126617 152309 

92731 540121 330566 949480 794609 
776794 282078 361029 319684 474038 
592213 467829 841700 88260 884690 
170999 142067 295806 83413 727923 
995659 498230 897910 97686 38885 
760997 256690 592965 11740 899659 
261626 104471 956132 592192 53951 
267093 368987 852381 144474 205023 
842772 736687 189205 684472 341299 

590247 371823 483366 886053 455236 
211289 398064 469819 625551 495750 
508704 902900 268792 618021 914640 
684803 879647 19112 640935 471840 
589415 908028 357179 441797 52502 
78554 284569 305541 267759 485393 
646840 374358 857216 646558 260411 
828804 374199 658475 298623 999750 
670578 323680 902651 455722 941701 

