241108 517546 
736813 552876 
514220 551855 
849680 123246 
565042 513028 

430176 183878 
742742 966010 
443362 907167 
235890 498101 
164901 550107 

668674 177223 
659656 816418 
176207 697213 
412765 571373 
682600 630240 

499658 923708 
147786 752823 
476585 178358 
304679 326265 
301604 386073 

355645 248132 
86304 98387 
214142 46018 
521907 966385 
544119 686808 

516492 212794 
864031 692501 
29212 556590 
389714 958329 
644316 72314 

588569 143974 
996023 252707 
896798 988960 
431065 717829 
831577 249022 

620254 187223 
497154 222910 
285610 711297 
268928 323869 
677682 813048 

10678 710526 
542194 391061 
403027 571406 
464004 309094 
46087 108320 

381408 634657 
768646 893783 
887364 665444 
882743 834782 
899625 714321 

83804 36232 
417896 580958 
259142 219858 
808607 44423 
543728 486289 

857471 70758 
713168 916017 
978171 116195 
3775 442175 
425289 49862 

66847 323050 
200871 835494 
733185 604588 
17290 132281 
439370 916916 

362954 39526 
469500 780850 
620484 244994 
708 429092 
289417 544436 

431733 663240 
131546 144901 
579257 109718 
777449 99384 
551893 202738 

149247 618741 
42140 866470 
454235 291678 
471058 471525 
423959 426780 

904793 786913 
466306 890645 
84115 86791 
135640 84823 
32235 941409 

145612 463968 
121002 277158 
125222 700259 
386876 902671 
315996 455122 

621761 465243 
590215 663902 
331713 560802 
471932 319124 
548679 895891 

745904 969825 
199156 212211 
860470 799623 
815354 512462 
884446 847589 

453872 546410 
827909 91226 
339921 953131 
791485 243149 
855802 623833 

698271 477564 
89076 804838 
657818 937142 
365640 129750 
772618 430672 

541993 518522 
400497 741149 
730733 260967 
540772 62439 
289782 941570 

910028 743654 
4333 737938 
351232 344254 
207421 142717 
103755 63224 

282903 802027 
57140 371979 
123217 714958 
825473 5210 
361060 598091 

435882 903053 
632966 836379 
160554 880051 
97346 217678 
942491 903480 

675600 852519 
163486 679933 
106809 514718 
540539 830583 
173788 644295 

893807 456691 
962674 467299 
345022 85891 
698609 170496 
607453 59669 

284939 43335 
479074 917905 
879714 639628 
314309 493413 
373658 256800 

396893 49258 
625671 560380 
245544 248833 
75098 302435 
79416 248886 

946730 489575 
705577 425756 
956874 50600 
28000 655483 
737448 635453 

231504 538739 
678789 710578 
972997 74855 
866558 287306 
568268 240216 

544106 481514 
805826 686129 
41894 567722 
934962 633344 
870158 530730 

398583 333240 
20305 104160 
758997 977179 
671112 303349 
149014 924912 

938802 380518 
463652 133943 
91096 436649 
208799 474006 
240307 293419 

714222 300765 
291285 36401 
986894 849531 
604123 438209 
482876 474281 

968939 881459 
807522 989245 
501971 82871 
482776 173084 
386220 631791 

97996 841374 
528661 78000 
975318 136110 
514649 700469 
610116 271308 

510240 324339 
572073 801526 
877092 558968 
651057 481215 
997177 650285 

471849 482468 
48096 279371 
988065 550068 
878594 470842 
239504 264814 

618985 853852 
106188 147646 
931853 597858 
283756 962854 
298327 893873 

234163 324920 
734564 806236 
126446 611656 
881556 293855 
609223 395085 

944141 81072 
877554 992237 
876795 865619 
58657 755389 
852813 298161 

20203 471798 
668366 642744 
135797 116571 
240602 419553 
79425 55282 

829778 829940 
896554 564342 
152529 23000 
692350 34085 
833207 301574 

945523 293700 
898998 823077 
802290 775794 
205048 860947 
531183 57862 

675461 551387 
46012 860179 
710483 181809 
976750 467437 
117715 56175 

522719 947493 
402468 419273 
28188 554997 
958625 236890 
105434 308185 

54816 50957 
601885 953815 
390386 404175 
729609 111787 
781475 260792 

686001 973288 
328531 732013 
833467 39014 
430175 810217 
506452 547890 

382744 545523 
11735 785212 
481149 556275 
340209 956126 
793166 961996 

264311 847982 
12953 382549 
801797 919692 
786724 531406 
31479 84551 

308551 717480 
57839 637082 
449493 891306 
192449 396020 
701523 698901 

943910 84268 
760776 471998 
869480 758277 
28273 726042 
714404 821439 

204390 495067 
185774 733695 
877616 987571 
653387 180693 
35330 684866 

265244 343881 
918698 323084 
980963 368192 
730742 173412 
280564 432266 

388665 740827 
32886 665794 
212825 418718 
424071 757450 
661112 654827 

578890 865502 
666247 764664 
599198 60215 
268587 252585 
240908 303917 

453804 22505 
647798 372502 
861941 145114 
257046 592683 
318526 537611 

541301 223544 
794790 574187 
405690 7615 
509258 346113 
765065 170370 

941 860307 
552225 183540 
141323 151423 
243755 409911 
920360 484664 

230180 890516 
23521 877979 
263019 885462 
23093 36417 
478145 857971 

574028 19447 
597867 885170 
109986 3557 
892785 619244 
349671 174203 

305967 866964 
550862 858192 
50504 692186 
525967 810611 
618449 446327 

811627 848629 
336844 835148 
242960 116215 
720610 782405 
152632 715108 

640377 243013 
734555 754596 
128183 360893 
274506 537321 
496490 624177 

227876 802457 
7493 778738 
660649 574349 
987276 186616 
384960 122077 

149295 196588 
970707 2491 
548088 730019 
118706 268699 
512425 787691 

983807 669154 
547056 234714 
423750 675239 
595607 698256 
728912 608449 

838785 956788 
410906 362630 
251879 587907 
936979 755507 
290875 838292 

877585 440171 
551232 364644 
442662 99320 
94663 77721 
884371 123440 

381764 868178 
792594 928820 
619244 732697 
120411 731204 
947305 849324 

339653 302443 
322464 750560 
665073 90695 
338467 118405 
362555 145695 

956697 240140 
585866 24281 
121136 544880 
123601 732151 
138953 7973 

855592 520717 
392503 164538 
965889 11748 
897235 86301 
259304 844541 

451977 598957 
146984 290793 
349517 328409 
897841 204337 
446814 260396 

350032 919863 
16888 452250 
944144 654376 
513482 584098 
386527 652436 

592071 758471 
689505 500926 
923010 655395 
29026 820245 
258048 288330 

181138 226377 
887288 844474 
517170 753157 
172884 931363 
473846 619698 

191759 340230 
55914 724999 
792480 58 
379375 822315 
584156 282255 

474751 692579 
40726 680608 
709858 963736 
336003 738884 
300334 110403 

543567 481472 
336780 947207 
325947 370303 
216716 498831 
301666 690563 

634881 9778 
547145 690795 
251129 855978 
690854 630505 
678293 791362 

429112 153044 
483942 469838 
350004 193800 
433575 686008 
449036 733909 

312763 992603 
731733 649544 
456162 57680 
536199 672879 
72863 354217 

363442 707745 
880347 426939 
914892 131477 
282917 122098 
278334 961210 

913461 707446 
630606 913755 
177284 980611 
623907 127211 
182971 589295 

377472 495734 
581899 109206 
661630 554413 
166886 197829 
227292 756102 

68399 107086 
463847 948746 
534026 895091 
596575 816943 
17190 874909 

294506 447003 
98707 925112 
360758 792344 
422075 501017 
435907 605046 

90312 813380 
617133 188563 
922586 278763 
742977 605824 
992945 970269 

361926 61344 
77356 342125 
10090 127734 
237217 606666 
944677 770759 

997927 239183 
217762 96635 
680648 94872 
405331 102723 
112241 841238 

224122 202553 
654618 841255 
907469 93556 
120018 650446 
699381 112963 

137067 577659 
690659 214423 
436137 700750 
342157 189706 
823768 803187 

960465 821695 
558722 694579 
434682 755722 
305803 840013 
858446 418044 

197604 598920 
136949 852222 
440175 44418 
462131 76545 
694864 677864 

189509 831932 
255523 880168 
562707 208012 
97270 421217 
397718 921038 

740756 874535 
259086 299478 
85466 210120 
55201 391269 
50134 429999 

325665 247738 
28919 462615 
616312 469094 
23385 78443 
545639 234602 

756307 251500 
582886 528183 
648021 145593 
736195 261643 
83162 650266 

699034 823918 
524801 958120 
639749 610268 
168240 211302 
517889 734726 

641301 843555 
498816 186572 
822522 115129 
172018 845907 
709924 234009 

596861 982584 
485510 179747 
27119 649883 
325341 763314 
911526 924855 

413580 610560 
265126 454734 
85032 904875 
65002 253273 
116177 99243 

504351 273830 
942798 3168 
460402 281672 
634649 632420 
643932 860925 

866429 240793 
843509 868291 
420541 870628 
34526 262234 
150295 462405 

187089 80227 
72965 452215 
534961 674350 
873442 116315 
927623 989619 

215559 431974 
779801 674709 
951494 756555 
956382 586143 
905327 600314 

447069 288109 
841107 806930 
156400 778000 
193911 707279 
40234 344206 

169684 743676 
940785 759001 
195891 475747 
433351 585686 
108414 877326 

575305 323973 
825653 871459 
515035 777147 
628014 471417 
879643 533342 

588083 843064 
821451 429190 
649994 494203 
723543 843905 
201482 763777 

704463 887518 
507453 645249 
646520 219697 
637348 79871 
805383 745762 

957198 897040 
586088 782851 
768499 101123 
76350 912866 
572540 955993 

446208 676975 
799057 784011 
106165 965404 
278214 829708 
325661 996049 

109838 30125 
883567 133643 
191726 530087 
353340 829074 
126311 675075 

91188 599861 
572116 677276 
382712 856967 
294751 975414 
769833 383643 

447760 732393 
60618 246817 
32756 166784 
728573 827323 
512844 54235 

823372 139034 
600712 223291 
272678 792438 
269731 626018 
137864 912394 

