981092 319742 676688 746091 63632 
845842 473049 917292 778056 763596 
11905 555278 734215 779285 269797 
975423 614021 309627 808645 825559 
463298 510781 930387 316103 46341 
821366 456664 173109 283298 287522 
256519 780742 607264 449560 43185 
187249 811754 516234 104541 589810 
279830 632799 661440 14046 412084 

447589 505821 26106 757217 314466 
368017 736867 825247 298404 569322 
387940 636123 25986 561049 435773 
313508 333920 732868 920773 783480 
776053 624374 595234 808640 728915 
701397 88470 361714 879189 618868 
290151 326779 641041 832609 600348 
955507 200626 337215 297106 15382 
906537 201398 651505 448875 762447 

603631 762384 612720 336499 199509 
912552 628904 823883 507787 437544 
69150 725536 42367 947217 604725 
177587 237368 447856 818629 586329 
48204 290488 303307 385419 587595 
318689 291956 788993 486547 257184 
67793 606530 19568 680513 943029 
735429 593065 88285 559312 617204 
42182 144814 859092 84549 92031 

980170 778488 329399 428026 597117 
432080 476231 887606 735387 378002 
991553 570429 186311 780546 56976 
443495 848339 663506 979415 45204 
122887 714844 154622 727524 790508 
771826 769706 935322 147271 370607 
27354 127441 149096 873105 71819 
262565 305186 64402 666523 556925 
958757 658076 127354 145068 954975 

700682 588563 803314 364188 84330 
364871 3427 799174 519493 247304 
589682 807671 533362 41356 954942 
903970 585062 598735 569418 458168 
186907 831983 279706 251309 14859 
836631 210066 672935 963986 871486 
627910 664668 976401 947577 545209 
60731 312448 64988 859905 831941 
828644 965939 639612 362007 7296 

110907 265977 592358 225994 351747 
566878 412901 183730 362936 180563 
198589 199568 906981 387877 679906 
778468 532139 860926 754869 479716 
922487 815601 308516 503828 191858 
656809 332472 157798 812774 694479 
681446 923681 476808 790156 666027 
828555 357035 78929 12286 719971 
775844 727227 435891 682825 631456 

632149 461293 163596 493076 732515 
159664 415563 64468 984533 919391 
772678 641342 768216 446828 454116 
462695 128274 894149 939504 918431 
560177 284411 791818 155458 813049 
28141 931302 56629 980385 614127 
688085 612534 591773 368033 621962 
840640 527698 553878 421460 512231 
989621 194138 669925 757837 640967 

124042 220533 769241 18191 676389 
204024 94720 960800 512194 250178 
290202 56688 181480 346831 37073 
311960 34916 649607 420085 402950 
787922 260725 447000 341800 682185 
475583 331421 876323 145508 89259 
517290 785902 826144 802884 320446 
18885 523260 415166 496037 35455 
665345 786239 92143 363177 133070 

129216 675137 684339 295175 611574 
603641 83097 872299 50641 941249 
70836 42576 272671 947160 704436 
878282 980802 490339 704426 300038 
810785 239663 823299 225951 735700 
375106 407648 38292 467249 770826 
171362 112817 962315 372053 924344 
573890 975694 523794 962541 26335 
465043 33378 585263 254066 496890 

289700 132348 994044 296391 353126 
294083 107176 592789 633734 849479 
844842 8840 257128 883134 476089 
544306 570848 105258 22973 942902 
29602 596863 918596 69748 75757 
461284 534792 109135 46547 788858 
122377 852599 437559 116421 148990 
790685 926856 772518 383475 560590 
621998 228317 569430 395478 627803 

561871 939784 198651 183481 962757 
141553 213084 75973 576502 799184 
151730 554138 850328 777217 117037 
155539 415946 969637 593098 48719 
118627 383783 975576 891146 283610 
52518 29496 28279 138301 424974 
656082 700172 364758 371086 883654 
843867 28991 613090 436192 605493 
928626 104274 159631 778955 397843 

276669 934494 813789 762658 527592 
862509 397637 427727 354437 805135 
711338 406955 834631 255969 61608 
259605 912052 278133 140715 283138 
161787 984583 312129 291229 420775 
433975 736207 525050 109958 515162 
922893 386627 449656 253035 149285 
493600 631896 546923 921328 986333 
352058 149018 909640 703042 404987 

971249 962647 833391 249382 103363 
116529 927521 604298 945011 735102 
541425 378986 471309 582827 488944 
986472 22073 391924 952480 275108 
57561 446081 907004 120836 883761 
409689 989247 32779 319329 692289 
954118 806930 171288 787510 56312 
791003 904039 500185 395301 365402 
235287 453079 260740 222949 35906 

749685 725773 57979 657961 678253 
333087 715522 640686 756443 836359 
524447 166132 341958 557226 485462 
34247 511345 808744 205535 815207 
865057 512891 719246 881594 424544 
601001 633234 877623 861741 856183 
913530 127778 581956 487861 785739 
776561 337301 501262 417248 93744 
853973 941695 776229 712283 15274 

778043 746530 42971 586787 468417 
858178 968196 981308 93776 849791 
405853 694777 999377 799828 72871 
855560 229710 200649 953868 717572 
986389 246781 571225 4003 664029 
664969 374328 122077 957550 86611 
653703 735593 349493 696674 322381 
817910 71204 806929 315571 164980 
656720 237776 376110 172449 553956 

448981 28009 783667 649630 498229 
501239 152371 745011 72464 672726 
925392 253785 47054 563821 727688 
133665 217524 463281 999510 430550 
302014 817421 18106 108944 649344 
699439 282016 403472 591901 454466 
957428 40882 998827 741095 206864 
13409 758686 875588 274772 347502 
548314 200164 117640 595369 280338 

845328 245386 14214 824961 244897 
961117 126976 578670 979223 752272 
744366 195014 550640 147838 786915 
521458 621618 344149 36638 362714 
67366 50047 637752 942954 324819 
501607 7620 41335 619247 119341 
321673 980927 881080 852240 805888 
125977 813357 449216 220999 308932 
717840 481717 20299 268481 145907 

807214 306291 767525 667716 342929 
646591 251434 392976 284344 194388 
234147 785951 718360 791835 921550 
837702 629860 902477 718782 482100 
708365 361111 811809 673934 98462 
637094 391774 580179 657393 660255 
726086 980959 966547 493611 648675 
825828 656555 900109 735157 940899 
610849 969304 243202 329210 761139 

164752 683264 907352 583581 402046 
389452 808298 279509 201262 482232 
377971 838356 874007 958150 495749 
534262 200588 476708 17161 694199 
641736 359342 350754 58197 94499 
808005 669047 580155 567559 514609 
857647 248663 197873 764999 832244 
116271 154451 640543 395780 872065 
122775 290103 226773 996782 248253 

238874 47397 965193 715583 580910 
659392 873671 940252 526499 931868 
34751 850856 117267 614907 418416 
631876 472554 667079 829749 237553 
15676 462372 908356 656219 374504 
780422 295346 664607 7195 808481 
429212 246070 855878 394405 478005 
953140 570150 868028 893393 96649 
799896 444496 947505 917164 59403 

882273 65392 48309 549353 895142 
802214 565029 873866 226923 737600 
248371 7345 32946 912978 530892 
841427 342191 293314 213657 252948 
287671 166798 823098 155699 576543 
436099 471948 21039 899957 905464 
596795 782230 970856 645104 847935 
382350 963671 929316 256217 190594 
183268 504588 714291 216215 933918 

761535 573994 792461 54850 304004 
45410 858873 987154 384860 14573 
563697 820960 2873 584736 720917 
908337 181531 503147 395545 342988 
867435 777896 306659 796751 550465 
13605 980020 55053 727896 712587 
505323 5783 802933 297785 60633 
623289 859547 919507 610443 244407 
450432 174140 65367 453305 275229 

302636 877994 973112 322136 273539 
316100 189571 567787 139111 986322 
118252 669068 482694 689657 913316 
711633 194981 919100 514567 9118 
979733 137856 868665 415592 264652 
629424 382376 955144 694792 352033 
230373 513780 746379 203486 835916 
19919 35938 25487 104058 175050 
528162 222311 360470 10856 911968 

273787 238842 623301 192887 753409 
148771 688972 407617 17436 620917 
188621 163213 3293 143766 858005 
355327 374139 371785 101706 93977 
724054 637977 129916 749541 742036 
821318 277703 480699 181788 804912 
909019 455575 43754 532321 648462 
313515 681092 853787 237484 214881 
474704 426106 378094 477997 569872 

752451 349676 460363 640588 967735 
554341 364642 122064 200609 114184 
864100 21927 908239 861151 720067 
229503 770171 691995 273257 302492 
340457 103124 499936 710596 856961 
231169 185300 283067 609263 663298 
369291 878066 529326 346006 518655 
497061 900347 883297 619126 617308 
513833 999578 155587 938425 377082 

875655 167928 147253 567650 957538 
966097 424459 60662 982385 135056 
433975 213555 320356 717042 822818 
500006 602685 700885 545685 948692 
735892 42746 365391 135541 178224 
982700 649375 694155 654639 587800 
71237 530294 272080 734842 614296 
229618 700939 38756 806633 683324 
690164 240608 896879 526872 474003 

236050 543231 76688 453287 88916 
541732 189179 648014 907124 324720 
826239 406176 490447 36746 60815 
594599 107983 107462 866680 842825 
721758 612650 60116 276866 419283 
743440 483382 659892 156672 10255 
133895 909074 553486 726935 362361 
158754 268668 67892 806768 692144 
392612 633007 614672 399412 186105 

191839 994011 294088 299301 377043 
653265 537412 989694 229733 330630 
408977 489526 814013 585221 162550 
340620 719116 71624 410458 962404 
433985 569212 231072 18229 375980 
439568 410841 525340 54240 326605 
711445 762431 836969 521886 61733 
214012 691503 115497 720058 921237 
446127 645388 410763 260140 230609 

573313 600760 466078 161289 11218 
428482 111626 580430 175906 129855 
472763 615474 540696 998103 186066 
383654 709548 948497 220623 231434 
526582 950987 439290 642079 671046 
360527 88207 832786 287642 864699 
63395 377307 465460 45825 538596 
993030 474307 650222 89813 650213 
780077 562576 782039 837125 560679 

484457 220779 786579 949307 957754 
534366 992241 908742 973656 634321 
96140 850535 238880 928926 138177 
103579 508673 515484 85391 554499 
570432 594774 28806 220654 684587 
195372 517083 763515 493763 354208 
840546 494573 91340 627125 960232 
49094 161491 952473 474188 651499 
103146 570328 502034 342026 15606 

156563 961958 524280 672047 563701 
595131 758831 158475 623937 979485 
359414 335661 496568 122929 345777 
367129 963475 356702 458469 106953 
316934 23915 784796 785759 498104 
436296 888906 584784 454682 747284 
116743 611246 225594 641023 799645 
789296 236154 558477 464123 376443 
54314 823538 228457 67235 462819 

90586 434364 942647 447288 409185 
49600 764222 949452 834396 66333 
963908 270692 955239 548693 241727 
218876 181788 852973 444470 822811 
652618 750118 575317 727447 214242 
468112 781762 554132 212921 365349 
533303 303507 316065 475950 750795 
725250 525550 31369 191054 359947 
614055 154963 146991 569294 220008 

388718 304522 401796 758043 748993 
740959 927014 499111 832628 654461 
229705 817092 952575 300189 30014 
317924 349845 849873 150341 825795 
117021 391943 867698 664742 582998 
743997 278797 254313 890988 364444 
474321 796059 668966 392469 70454 
417959 649780 997468 433423 482408 
168282 179480 299500 637209 996022 

845866 471486 345867 695740 621827 
171662 812761 13771 555712 477503 
113121 299709 756301 367434 707050 
120745 358107 503109 789711 750576 
89915 724023 916708 603736 673798 
399116 288370 853278 214968 925579 
365652 60835 913417 711519 272927 
51597 399534 85688 581720 955246 
79543 694841 254956 352196 578627 

478358 472941 936734 981467 779005 
203662 587734 19380 120370 191470 
693178 35838 479840 62808 250806 
921772 428461 827993 351541 139980 
617272 403138 55866 702960 984858 
527465 298856 196051 782421 651052 
774678 260779 640346 711412 758598 
935703 431426 862684 955083 551796 
570507 648261 587634 50347 711069 

354793 488471 655882 699138 840013 
312215 316411 759503 368081 535723 
260714 895546 834579 456765 194319 
485632 747796 971450 642330 975560 
246400 578033 406987 109085 533116 
958783 679592 697729 62770 246291 
925150 933915 251115 581033 633053 
607480 893248 949464 883335 261329 
485188 144049 673228 836119 117167 

383899 321751 864963 355350 480433 
840523 118102 58466 247510 743539 
591582 722646 939483 805663 301768 
185775 730814 235683 953242 311847 
868736 560722 721447 334553 960409 
499128 819741 104459 172356 172212 
221626 556256 493964 602941 427958 
490749 443464 546060 549216 207327 
289600 657150 929973 229083 462814 

231741 931210 709980 983776 400804 
538179 852512 477878 259626 703417 
438288 758754 39510 542747 447463 
211723 280725 520071 222039 883666 
948029 712788 843482 10441 262004 
50809 300041 919155 497134 45477 
898321 245227 493039 608301 229003 
893844 146480 597868 371722 922458 
301285 326362 681212 340796 869109 

645027 552519 666186 165098 774558 
549852 629479 487346 393335 639921 
265703 960496 456314 701210 457631 
18143 599531 702858 511183 724184 
931862 921379 387016 529730 809453 
309474 347367 135816 507038 688163 
521277 152066 757034 187464 833516 
531592 253668 462996 535291 647003 
619269 800994 607500 75583 502204 

581483 610079 618087 284341 121262 
858623 216203 558993 245639 262285 
368446 71465 609653 504262 578503 
814168 541892 246921 571203 729356 
80438 619147 983024 59786 670790 
146380 679055 988136 270232 270990 
6692 851715 881069 624779 652408 
518683 483402 384964 77676 245393 
647249 446123 316858 773254 466737 

895362 103775 8629 658635 191330 
254337 739073 326829 753714 315211 
997620 900094 994266 985756 686678 
265257 992449 54745 662678 133580 
707153 181362 133335 92117 259038 
378728 255719 221513 211939 545325 
688251 107301 649100 696880 282288 
356782 467570 21362 683612 221284 
852925 681232 121378 847192 183340 

324408 628801 175789 379153 291479 
825722 602658 989193 959057 211128 
248232 337785 983199 469745 66076 
528524 674348 173377 693977 887581 
972018 50759 355151 509732 734371 
576435 362657 415603 214165 209849 
598944 538573 355002 291085 434078 
162834 116807 553088 152027 592216 
764216 916611 446354 747415 902709 

512430 792292 93409 202160 486269 
980990 174178 537028 336141 683910 
271400 428928 46567 203355 643093 
772769 318651 698018 127771 609737 
648448 806957 242896 201537 475337 
835113 482105 391948 797819 745873 
811009 310249 538165 904419 512409 
540786 885409 686587 77814 737903 
370497 349214 166831 933417 68922 

326277 706186 387573 24295 350309 
513662 672744 157267 756559 390633 
148956 108024 872738 540904 905843 
134963 351914 732444 189480 772685 
244854 730266 658094 931441 808081 
912349 818291 673647 79181 268060 
742569 405458 490598 646495 946105 
357259 160157 618849 30878 433068 
525834 179834 541092 398573 720739 

963287 49888 589005 695732 239369 
361690 456938 969635 536136 904731 
294068 448486 239374 484068 44019 
507434 226637 449477 998032 873132 
911934 355292 549642 47136 386170 
982710 572970 566005 40155 487895 
803096 3442 537784 908453 215526 
293505 270143 672464 263140 322631 
577196 73561 771117 816570 557629 

815136 840357 300618 780965 354741 
690103 692900 226385 239745 740036 
612556 222455 313006 694913 262610 
317254 14361 782405 855038 922814 
997931 148543 709309 186748 928035 
31940 280296 517948 803058 96866 
75577 134546 453575 892548 915512 
808317 582651 124764 34702 338748 
864800 163610 561203 694158 374875 

340166 11412 389236 122571 382802 
828402 636854 47697 54063 339954 
975733 86004 620250 10033 405414 
717117 601963 56312 170692 494511 
971824 495361 593514 612940 530064 
448614 477740 693674 9817 688251 
68550 866335 216015 974138 505258 
598818 318893 658465 646515 372956 
998419 138600 975312 618670 148634 

380726 852139 750597 437039 22831 
761460 925215 34545 354974 538156 
564609 803588 532248 258283 329757 
220499 843185 712445 952867 333676 
217703 551685 652569 392520 198200 
25525 390940 853153 517190 9610 
1787 897916 861749 268736 851307 
400932 30196 292875 435477 901522 
347383 86 221462 879631 774722 

67571 616483 134259 780016 569350 
467935 514072 637387 636856 422944 
351939 178734 813884 205092 695924 
823494 723231 110192 201595 991967 
477852 602528 538515 770727 554357 
440037 118110 554444 177851 514093 
845518 245423 646928 496129 541791 
732630 480417 572215 370017 117273 
995160 721957 296007 809044 443401 

991931 148891 166633 618476 350486 
158600 96328 469366 213468 867055 
23724 653505 501517 94520 347709 
531962 456390 109484 178891 952519 
651275 911521 432936 739843 281539 
66562 251355 519848 362569 576751 
963249 870853 725642 129882 5681 
592481 804835 102009 578199 18303 
969064 601923 188160 986933 212795 

535869 518895 669185 645353 697786 
138057 812981 125660 87345 552824 
407199 153907 320531 927047 32829 
897282 406648 420034 622925 536531 
425715 731758 341366 527724 309957 
876021 13140 428233 64181 73 
641028 116403 518968 826566 278108 
733107 480975 91089 858767 568320 
160265 782318 722228 480796 225717 

755057 378079 632365 175091 517356 
168896 600806 765466 26614 644882 
75423 902635 658022 503656 483169 
658095 661037 115924 693415 3955 
394032 942874 484930 1474 317993 
569602 161739 100311 291830 158888 
326028 563239 53319 958394 254682 
87027 643642 371840 852493 670257 
16722 444268 89244 674744 464277 

88765 849191 125314 204689 58959 
645621 598722 1833 646903 116548 
319827 216505 794639 420138 24688 
953527 262519 587927 523198 737265 
358962 126577 380907 730802 979070 
567516 263877 423339 173113 454973 
887616 261878 304165 529282 982920 
363124 691255 97994 881309 338158 
214542 201136 71015 9181 137627 

95703 479061 916498 199983 518611 
653763 558945 645189 34670 806099 
140611 118539 69976 80302 291652 
41302 967918 69882 345467 13552 
569154 224943 221159 667148 106252 
559317 398042 823741 630333 407224 
961368 242388 402637 394218 442371 
921248 47981 1316 82789 599003 
323768 223401 233894 910096 303703 

525546 951398 787974 111781 296865 
317878 197287 38160 539038 864436 
144413 614707 778830 968154 761392 
702406 445874 3781 105043 840092 
446152 542644 404425 963821 141785 
3428 287589 881538 237323 197685 
701594 279221 665436 5920 907354 
478653 323798 104642 516814 379188 
485430 661227 993896 264260 145733 

755288 483019 591607 759069 104414 
948051 721574 647058 352476 685395 
305196 872256 489336 186734 109579 
203373 888328 905153 868809 894248 
812507 347463 734399 433501 864277 
113587 435283 41856 623835 215896 
187589 895476 698915 295548 170897 
803329 243599 892471 966740 112427 
94218 271936 984683 583554 975022 

610615 786928 379703 32120 172089 
790303 360979 519552 524702 794481 
900181 154642 229764 942037 294829 
445660 129626 190305 660927 941526 
877555 464257 701477 770026 947349 
813904 380597 219285 314940 964151 
710659 441907 267431 90362 474027 
439521 880666 835006 959073 921720 
145839 375607 592714 375604 317644 

403896 337616 447271 594201 514896 
905149 988108 979153 606627 758135 
926502 420531 655084 662139 251823 
619235 372798 693730 403019 979513 
684109 842540 860179 519116 317965 
298251 664955 693572 407318 556911 
527569 811214 410880 491192 921767 
925776 396341 909876 421281 2968 
184363 347783 939852 839447 526274 

191675 975034 899072 401758 378053 
878585 85867 736945 255116 604983 
571263 69720 786291 264835 477038 
343202 792404 288252 270434 283596 
210019 196210 196290 119895 617491 
199258 304258 481626 139110 143705 
7900 847138 118740 423325 248896 
13145 818262 334763 750091 589731 
456099 321354 659451 242390 102541 

652841 101944 411298 941093 888731 
211246 151112 84941 407536 787360 
218785 606795 607970 216763 262257 
751676 224664 109395 386768 164341 
358291 399913 498955 209407 666356 
88686 181858 987710 264489 940600 
606604 917330 558896 17902 374775 
447627 229148 42240 48921 636685 
829600 267706 759832 437570 484469 

22089 705598 225485 647837 608718 
906178 522480 524984 405134 731887 
191340 10172 430097 695403 791014 
370697 302007 224696 929594 319909 
599472 893573 549057 641712 942494 
702094 987664 210200 978278 425234 
211022 368 647185 436507 648205 
255903 859038 170685 297239 780524 
418925 488580 790696 849022 183983 

98062 736072 2342 322759 182018 
322251 438583 75591 387660 80295 
18086 606107 67959 228286 584385 
9545 955660 101105 173082 908520 
749310 945338 767558 436348 242577 
548082 371625 247509 855130 736999 
431492 469545 473071 950186 792304 
655089 272437 747239 730681 176450 
827534 265119 782557 411845 9757 

883294 937742 965418 984400 627177 
873938 250062 572515 157848 202762 
331444 222282 574387 578954 77412 
311387 526798 63309 300810 476985 
371965 472252 265774 119204 719285 
442224 946738 984404 741133 874935 
994161 624428 329030 475931 608828 
956207 866221 858890 528722 24069 
61653 860166 246351 152392 439120 

840116 980131 482271 903425 797294 
959256 275391 269546 225030 394595 
505183 667255 857686 489587 924740 
248973 100 549168 578003 992384 
674348 534210 858605 49591 579284 
882675 627596 955803 645378 779988 
911275 1846 276472 393546 421624 
73766 352802 213367 343312 577833 
124314 848495 761440 982000 854434 

686180 747326 370886 751701 325329 
363270 426049 859540 221876 475640 
955176 620903 103236 910979 266281 
399577 822255 784480 676049 215801 
206104 749815 568604 419471 609479 
662789 543785 974326 940581 42138 
828760 626761 789464 715998 894814 
114793 79269 320864 490685 301145 
312856 962214 922048 932445 873193 

704681 332022 695448 489161 524423 
427602 695265 790590 512558 631088 
400069 691699 174874 374395 632280 
733364 719507 775393 522828 435505 
670208 153973 514774 507424 644659 
332271 820280 606873 770671 752725 
996418 991705 601099 208219 997218 
125522 635821 208836 432464 148379 
839924 832533 840078 531150 723280 

988710 264514 442787 764103 787342 
394645 434311 941316 425771 941735 
102327 758043 278368 225552 45066 
547445 738322 36771 148545 946541 
33990 790419 582362 242826 222884 
247093 82750 571769 603523 130253 
295050 108585 394767 254189 872689 
698462 648834 823352 156130 74606 
281440 258457 349001 559808 361 

394067 107253 738683 430839 772150 
201577 981181 78922 300291 740359 
301806 547385 339461 873575 667260 
469714 684977 775846 864482 939167 
164887 562944 588001 988239 719074 
178959 786031 493883 527960 862191 
10596 438380 485797 265631 385571 
257947 467208 366752 336869 767500 
107111 155027 831237 446572 544955 

498497 916287 229932 790695 297121 
169099 955582 376417 273453 460174 
611843 452412 762557 622078 496725 
624749 632674 935105 110546 414657 
320676 884845 881866 203780 221715 
165718 827243 893094 996955 790167 
438049 11804 706454 667982 318852 
519927 837081 274434 896344 110534 
250960 24539 79299 13518 646617 

92376 638267 279291 27481 265165 
693949 864509 150010 92167 584641 
371725 257885 411884 781172 254840 
202051 219221 782996 424858 887203 
101848 461137 724285 892635 873834 
351171 143595 898373 946822 673465 
544991 39198 828084 340634 583031 
93249 34583 963892 243260 126750 
548533 131337 900987 476769 912509 

155827 195173 648083 455176 620031 
535286 557024 597520 775923 449659 
471354 643447 109607 369728 590269 
783072 914719 145820 127509 255353 
728851 220758 806289 209096 980370 
449391 273981 628060 350379 750751 
56921 22558 462276 705004 477734 
598659 240291 34759 196179 532566 
770 667534 176013 110377 37262 

766283 893450 468333 428455 20959 
723686 157306 758069 46327 882754 
254792 495719 156736 399204 846098 
423839 456125 385008 886115 677482 
379095 484774 434125 930206 680953 
966691 930976 864839 142705 41354 
902101 425340 451156 886786 853795 
988467 610473 527453 746536 656800 
410208 517680 668871 83296 916884 

31321 23487 889362 416330 425954 
566844 795425 910728 969 241983 
108033 484012 172959 489225 143069 
214313 391326 568409 665469 278113 
938556 653936 404938 466010 916825 
578090 392570 950857 246962 992218 
867742 794635 15705 273456 210965 
441659 840300 522742 868739 357621 
764725 493124 357985 937685 982349 

501055 668350 890028 585816 850172 
684493 524373 20460 605783 506735 
453637 183873 899305 404495 947187 
407875 788589 741823 423580 62045 
469140 381591 902345 508235 250330 
776318 272960 743454 134303 726997 
242156 151710 911700 132184 737527 
761872 333029 261900 782332 938812 
284987 235970 122685 184292 156817 

586225 108519 945406 328048 532099 
7451 797188 913690 426148 305423 
680372 202466 94736 940178 853121 
338085 182334 4832 249785 830870 
742359 528009 163899 520611 826694 
102711 805598 62664 741749 506242 
219481 327974 614761 164887 656022 
663212 688690 969562 576902 114838 
791338 773626 317304 886074 713804 

170425 740511 412491 175257 506649 
759713 433968 34658 439965 954579 
861352 542676 276529 440368 800777 
782771 176201 128751 397532 341088 
301125 60744 546130 270688 153998 
660968 578378 927624 978272 980804 
157781 665050 721315 86624 356659 
227964 362689 790628 778975 802654 
261559 640327 345331 538089 597048 

146108 320860 773249 791212 234745 
114338 92337 811841 176820 879377 
965840 837789 457755 409816 332413 
438559 83949 997463 159875 686925 
870475 904191 49615 177455 683166 
852269 439014 839846 713952 493455 
436894 376413 814316 210143 167625 
565413 840833 259962 377254 17654 
139340 859446 371795 597095 785615 

704208 552007 385916 218024 711882 
589194 88499 132425 638809 265954 
331944 7430 221320 688142 721383 
714776 125036 97796 45444 851531 
265421 610857 208717 525383 504463 
742723 181075 880262 114518 294523 
182229 818726 846530 84497 36750 
74764 673691 641601 207189 312500 
907555 55485 319931 645228 743627 

557666 360004 385015 655462 405448 
752899 437235 532657 961616 478970 
37120 704339 660046 433734 818857 
954569 615963 153935 317451 700461 
707038 392215 374152 348639 115756 
203005 772547 171242 39288 417775 
431221 596954 777779 816237 768768 
699579 569136 206003 232236 47104 
684973 785708 751443 861371 219443 

86652 332292 351758 240587 649743 
568571 947625 41958 459076 812617 
157715 178433 585164 845309 217721 
519291 276530 331027 297070 609119 
616147 996649 178255 338502 745237 
225359 539827 530945 493154 401199 
266740 579806 733491 134851 336746 
899587 703422 800723 941545 162498 
613340 615612 857283 714856 977273 

75004 234147 253804 922383 47569 
379275 538530 560570 557531 877032 
305807 299242 416860 353105 308749 
334411 136197 888555 584254 271048 
741653 483841 490823 542377 941739 
169673 672069 73703 26957 903278 
50977 101961 137425 821133 540697 
701347 200408 79227 261917 274291 
472612 84077 89886 889472 437182 

398635 740235 573379 803542 324489 
360780 61548 324683 851603 603925 
782774 21276 792346 856477 48233 
695624 423806 666547 349402 761291 
207244 50749 478052 286471 312666 
752343 275435 913095 358581 681259 
350277 273568 421494 440009 77111 
262336 317141 138659 587019 168744 
258936 369793 706372 567634 742622 

270958 263259 682781 937505 129013 
444072 144749 179762 438476 947572 
8780 707172 223008 921876 65753 
420619 788505 339322 842114 744866 
932785 104450 62007 587796 207821 
747103 363084 93966 453476 930718 
836588 724434 710329 35721 178291 
839342 996146 323040 535456 434622 
786964 60589 141794 526324 498817 

207548 946944 287322 63222 305410 
548541 512359 409860 610548 616507 
134033 874004 979591 227999 327480 
426661 580939 568266 136991 616661 
746557 492685 612807 585949 544494 
563781 889265 605083 705576 931942 
103900 429476 878886 907574 9050 
184296 456115 521409 110508 583016 
137916 244541 457020 633859 472540 

300852 60520 569831 869118 713863 
186492 132027 722901 315651 234328 
267395 879433 639945 388830 101361 
571887 492730 530837 967125 400304 
539887 667773 372772 61296 778281 
955788 715564 539174 412808 865775 
528066 713660 926295 97898 99130 
156511 800742 231157 879412 116394 
981837 146807 512179 621782 535637 

613540 193670 544719 144377 160795 
461375 200616 828569 834147 778264 
123202 789935 493828 662377 719095 
359603 706795 432755 802250 804693 
48237 958761 121788 279394 354525 
754534 777583 17684 266713 399366 
69673 396605 109388 614392 57334 
270183 592120 257950 615104 942619 
36214 738307 732555 46394 917036 

968002 922349 623831 917110 724599 
944877 965347 199713 66665 244742 
70590 821199 538677 88275 604264 
938043 157948 869 47431 288693 
58203 833967 397165 832505 965423 
339784 868719 703730 588691 431465 
137118 556694 353814 277302 473804 
594765 738531 439151 310830 321548 
200245 381421 142747 738923 986048 

263363 193318 143996 264232 757102 
949041 838787 107421 346206 671292 
72844 685991 56363 292927 274682 
487828 430045 347728 841642 223699 
821532 952759 962230 777036 263590 
283778 977281 161363 942877 232556 
147411 722592 425875 807759 503176 
182977 273153 341963 806750 619359 
529607 879594 821702 585970 172521 

612737 590150 118919 960465 948144 
858970 298350 900904 821201 75386 
680846 621331 569019 842209 80561 
801576 505972 803153 227451 313731 
822682 926780 586884 164645 733530 
722596 210605 129476 60650 312927 
301998 673387 903078 937269 150205 
851222 796239 448555 752126 133792 
40293 949324 755124 609312 307885 

352037 410888 813857 671542 154691 
643941 494224 597823 747177 175222 
331353 986125 902179 460830 46776 
215106 279180 236515 118184 216449 
386720 969407 529040 351627 237885 
662833 908272 703562 934309 517585 
11447 802698 444825 341657 474240 
115869 501950 484817 713692 765479 
176391 561398 751605 78570 538580 

798381 810028 817760 34896 928213 
550561 937969 413972 79601 805948 
168209 258786 714221 871771 193095 
748158 399571 995793 192983 257580 
986386 825204 759530 987555 538897 
525009 163946 100295 792966 758868 
638875 107699 568896 972987 658948 
13461 39900 596917 427433 635853 
402865 111995 894640 633438 983766 

604087 381596 899689 116233 90932 
673621 102619 916136 433151 606526 
971385 474513 770472 71680 783831 
45692 226907 891531 614588 716246 
550479 628050 756146 147396 571835 
392000 66613 683830 286640 216404 
183949 407079 598000 599990 523312 
205284 273612 142283 637773 223115 
748809 609158 697628 35633 197191 

481460 81325 940450 889343 212266 
656697 439822 356668 412843 587218 
928503 321195 170183 128686 124187 
386587 312635 531267 500940 428977 
54579 222576 702589 713215 376701 
925705 462024 502212 139685 497658 
215755 137497 95335 156205 26840 
823953 329254 466662 180621 258450 
570232 625477 579645 256768 754163 

703833 159707 583150 751452 660647 
528479 322383 399576 231069 35598 
776277 156774 497623 278489 812811 
511633 494244 950309 123320 166802 
493501 947274 496056 960164 644247 
754506 46748 269724 850504 303516 
540239 70689 463224 639741 822141 
640223 168221 144524 39799 399290 
696475 332429 72416 194098 127270 

401579 222083 137867 351888 861755 
304669 845390 809029 317077 321906 
969629 587936 368654 239353 438440 
188523 295945 509129 651747 935686 
847622 808322 620259 508498 848122 
535901 204973 696903 124669 915423 
824173 526249 137506 962040 394489 
515614 783061 756231 324643 100139 
78137 810624 204427 963144 49978 

159219 151667 345923 184700 319766 
797961 32322 128088 418221 540820 
492562 470474 262146 705817 595144 
177569 529991 121393 831428 8383 
515882 347042 307797 272114 188037 
924288 866603 998662 128715 346099 
48640 287934 14118 910915 472634 
850236 225228 21308 978325 159801 
78480 987239 630276 340626 693057 

225420 518196 739400 863165 349624 
264135 895399 696666 571932 683865 
401055 12572 550469 399717 141287 
412920 964709 945573 427039 391976 
934559 277275 133557 955867 771952 
293358 34348 275544 439986 374974 
484953 181758 409522 740705 44923 
759146 4840 940323 972164 93125 
140540 373220 105697 207361 289289 

763337 620282 253999 708910 563673 
162327 159822 357300 295884 115689 
129253 105595 666389 921149 545581 
41364 406102 727340 450886 146807 
288615 726385 151647 745290 214901 
761124 885831 104473 866822 93192 
393763 146511 713474 164114 855421 
793499 842793 15243 150800 138678 
647285 280053 244273 313674 201202 

306206 871390 123656 549898 838629 
270463 354866 565014 938462 100156 
296267 699587 502339 400741 82761 
595532 310856 229272 825358 991322 
601045 618858 834115 616289 769658 
489145 779926 566063 249770 93600 
283617 555977 481343 407273 622227 
319972 194088 977093 401338 132550 
77250 697605 832137 579589 614698 

914898 691473 441906 144170 516832 
433228 745216 652042 783696 877857 
938052 789193 174135 504115 38964 
784087 304084 111293 265430 227709 
733520 585402 421797 710614 503092 
554347 304216 200698 386485 400157 
331748 817735 91631 773655 478258 
124815 723235 223474 293209 23283 
617683 231261 812477 791818 251728 

367793 92257 555812 479086 357688 
783521 212606 459442 205318 439572 
962535 759665 260140 679585 662502 
660298 11333 996590 268281 301340 
474848 909448 540928 214674 202657 
80563 832357 433918 893040 140527 
685646 260833 232784 241458 256271 
106824 541331 468878 566267 746649 
424802 528802 22666 684943 208387 

201521 861593 736072 198111 646226 
37413 672959 555674 94693 887633 
758331 175256 236342 192249 584649 
893221 394247 845482 642357 152057 
101754 749182 693388 86984 831801 
956389 28138 360603 495407 229433 
85342 696928 607378 337766 895039 
253604 375179 84350 809278 986224 
488335 83961 161481 724677 792562 

746130 134250 186809 107964 776608 
855218 726070 42142 548606 329406 
390295 21347 357545 267250 516755 
103330 352592 730035 710709 690358 
141427 480665 581890 225777 806296 
568114 714113 890257 245947 955142 
199172 992077 89393 902333 616394 
382353 757552 342464 940847 822510 
671871 331142 843858 545768 598392 

876965 649098 950984 123352 876159 
157694 264779 356825 255936 490557 
163121 340403 721022 569730 586350 
192516 768902 94780 281909 187588 
711174 180614 945140 53638 121461 
767650 241861 452603 127860 787629 
50995 521177 953080 518331 644530 
829239 192378 909309 702416 964666 
916218 865537 305069 153592 951620 

891420 346109 236874 502552 144370 
424462 213726 324985 369602 783716 
962798 653605 25578 415402 297817 
329559 982749 818995 282639 17433 
463525 628231 726163 889186 330647 
690829 805405 712537 995899 475349 
180509 403671 821458 417383 906223 
965829 841846 636301 807166 727800 
420017 769964 381405 961947 701718 

679223 291507 684468 14570 90498 
218253 478095 718729 944416 883633 
565729 635245 689038 794618 631144 
164388 975127 551167 502198 392510 
457390 468027 750708 93691 791545 
478509 30061 561510 376266 992008 
263228 571841 283515 464048 586411 
374014 682301 580858 609095 143069 
464492 174824 778315 669882 969442 

925811 350622 460921 476979 852821 
853432 450721 837200 120492 60765 
628746 599001 90826 706608 491620 
82834 486188 63461 882702 950237 
166225 773068 148890 263435 382163 
291960 244279 73340 586627 914162 
42782 512438 264784 20056 505769 
633957 873488 472843 471158 993980 
533608 616256 109334 140786 839216 

117306 223620 325404 697119 622674 
791993 863344 395742 940884 643132 
777906 749196 887411 851246 335823 
801573 410380 364613 582710 430436 
870383 733019 820276 343226 720529 
330609 393186 336785 956295 533972 
692353 73601 273944 17758 770720 
896619 809751 150417 292361 266987 
793549 586619 16183 680960 437865 

352006 998886 364598 716620 581596 
795034 103355 830967 131663 962933 
551497 462272 356119 404634 418567 
890091 96988 8520 680387 631098 
779240 577006 440849 929657 869368 
707837 723206 455987 240372 920519 
410205 108731 919405 774803 825351 
17353 86189 445058 848320 217852 
407991 916169 196476 764110 320804 

131395 170553 934144 139915 850940 
565242 435508 427947 6091 365165 
813667 230280 604724 786006 987005 
525243 712563 95736 444648 3718 
437439 462001 89908 882497 826673 
824112 290488 742843 536941 570950 
63647 668336 741503 997791 324604 
108795 79385 760112 53094 601828 
641629 866761 832109 246353 169120 

335466 771596 881683 431202 216244 
885402 868641 194597 491662 751138 
21271 832126 557978 280466 369067 
128928 344113 553756 386783 858256 
394712 495578 937641 154824 548673 
539469 796453 931786 887930 42807 
617258 223396 330755 15294 170950 
63352 417048 39591 774301 908710 
307081 795572 740836 381411 76038 

626256 510339 936503 696364 897122 
311111 91076 909053 248752 245900 
457726 304574 558705 905864 192504 
117864 523123 932253 448620 538417 
103203 28324 955465 659147 802625 
380527 482580 598198 637715 863992 
190588 780323 374331 643444 476687 
787806 954555 567763 696859 719660 
330015 670937 24234 888721 576801 

733090 522937 616276 665343 971557 
671045 284899 516233 142862 460398 
318859 523389 942978 433409 677457 
806970 623997 457780 697654 783793 
934468 485460 254701 18583 698671 
974361 348599 885960 514947 753672 
979113 248037 276609 595390 429733 
764519 266435 230984 280752 925650 
691382 599611 449039 634360 33020 

126496 957683 173370 100629 655337 
473515 35097 657149 728216 53680 
872172 702577 918631 758132 733876 
188655 737245 981914 465265 848987 
927999 746136 631775 158983 543240 
557425 850365 142852 522816 1077 
692224 165665 958760 381946 266294 
130449 371814 301391 303950 100030 
871423 692474 318960 306407 450606 

52836 495062 704204 551102 476679 
553191 479101 222815 184966 638084 
766056 742391 4801 425260 265208 
522231 633836 947225 480991 532135 
213519 127793 903949 514910 948095 
3979 902685 640570 839291 209092 
607528 408480 704155 311732 959582 
697186 864924 438684 920002 566242 
593120 202410 824986 114274 627670 

606546 636505 777858 553771 633848 
309993 767290 277993 213942 798552 
226089 734274 701237 383011 89917 
426682 990539 498397 647189 302272 
457980 344375 683548 413016 780729 
249790 522488 983139 591128 636762 
127161 197674 789619 905020 267797 
423468 731365 35087 701461 461660 
833639 443902 712286 51229 826913 

802203 994263 817453 816953 157804 
636077 274933 18531 319625 204301 
799261 85767 243141 782400 676896 
879904 425914 390922 185875 847286 
658720 609343 578651 210159 827157 
40311 43799 271059 752597 611380 
97973 71153 121995 431778 888106 
279799 67855 679391 298330 387480 
400044 97591 989599 643185 396344 

182847 39441 338610 573770 225317 
185896 748842 351012 764547 959001 
178169 321211 519152 449229 590160 
646884 63554 661313 768879 495332 
65771 565030 563187 261514 863361 
467019 661558 477304 456618 821096 
390000 155818 860537 728610 729588 
602206 430858 994782 953219 195406 
953783 647740 32969 989288 96969 

623129 636172 676875 800795 405052 
688559 382918 970082 768098 644433 
349795 235117 305991 343452 208088 
643439 733452 363906 503977 978415 
609846 622535 409273 120980 575754 
121031 74763 223495 154000 64051 
836816 293482 216576 30044 610629 
621628 718603 993547 108062 486702 
637980 457858 238171 460324 801310 

962611 103763 51114 842869 124092 
29529 452715 746628 955155 90047 
838734 76186 164811 578581 746539 
745214 415398 40021 961790 961794 
650650 99770 680397 160549 207833 
683451 798530 182043 437975 775206 
983353 400586 395321 550819 243456 
519414 96701 212523 266042 51856 
302571 621128 644394 983734 199710 

