Translation # 0
2896743901 3573929445 4751279958 4321492845 -87046 
2549704943 2498557448 4880171437 5515468676 -512645 
2163444360 2590692920 4287155281 3661950014 349733 
2927123319 3635020753 4843781239 5767252652 -1759244 
2598171689 3255915498 4778608928 5054459591 -1158304 
2164815165 2722851729 3728942842 4477702480 -772687 
3142807924 2752506700 5492258960 4645038550 -716029 
2500235877 3146878905 4893897769 4973830332 74430 
2153656882 2708501141 3454688952 1595053883 -190355 
Translation # 1
804861319 867881460 1655214348 1420332169 1196637 
1138483935 1040552960 1635231619 1539940647 11680 
1140069225 872915170 1393473909 1702895982 832864 
869566499 592691594 1695002690 1495796149 162319 
906954789 829324614 1343797093 1844793523 1800632 
843506504 944411546 1718813005 1374856527 633302 
885884993 677807489 1931871274 1728528813 781561 
938620272 1149061373 1359521485 1623271564 94479 
1131533307 1155030819 1664076802 1317385020 82301 
Translation # 2
1020922425 986269985 1417835989 1331973261 422854 
1039343963 982470158 1675341381 1128258413 433879 
941873142 860233862 1454580534 1353820483 549468 
942603091 901118042 1849288125 1648800711 971651 
982321516 812342922 1398267606 1611200418 1453022 
1200834376 949138101 1449590509 1545422199 787060 
637829486 1136448716 1412995804 1253842011 -48486 
759350450 1006377953 1335247416 1406314093 791370 
853848668 867320455 1458278718 1432153406 311237 
Translation # 3
1392504412 1281537142 2094840984 2211320758 -84579 
1456901681 1386089743 1892380482 2331829404 1819410 
1108541194 1289027275 2075720603 2066377264 933330 
1223890338 1315263374 2158557999 1840637636 287561 
1237459116 1318606740 2432519253 2405690398 289331 
1284251014 1363929908 1927764156 2028363756 787374 
967378230 994987186 2334612061 1686307193 1291463 
1378064863 1265143225 2375711573 2032153833 930091 
973350012 1490221094 2019235570 1823574684 1032420 
Translation # 4
1442466458 1235551305 1727105427 1629679361 601463 
1397875834 1880515008 2580101164 1865962962 -442290 
1238080574 1325408011 1886253120 2238720364 52441 
928964332 1568570439 1977934432 2279681738 295785 
1325356647 1346211801 1620665579 2420454215 26875 
1498758506 1056481629 2305333891 2185313995 1366342 
1127574640 1131646257 2662655928 2429795705 164458 
906217448 1472564080 1020770417 178436100 748733 
102382749 104238318 179883265 180421126 -396171 
Translation # 5
80398419 135722584 172331899 186400380 -40025 
141063742 123916306 235180050 199238661 726838 
137227644 113038241 194575758 166575025 -335363 
115901497 138587897 193484937 210946597 940581 
149883392 103079469 211115672 229262600 892140 
129461657 78317300 226921474 218220723 -190749 
114276336 94189356 204531301 192495622 513177 
130719580 150056163 196646156 174102612 756543 
146855129 135870398 186963161 236438179 -230389 
Translation # 6
79249639 71517725 197707901 162827762 734057 
85969337 157147966 177636349 190045052 473638 
116883547 146621232 186030807 176681344 492051 
108401604 150954997 223705325 240749513 709735 
123644428 121925544 201981113 187101585 147554 
122214316 117852153 3710566557 4884996234 1895121 
2646032019 2611087290 4732731946 5578736972 769942 
2785782450 3467332781 4431326146 4618928081 774587 
2654190843 3792669657 4205477344 5756659092 291196 
Translation # 7
2009996230 3069891604 4626435889 4762880745 454152 
2577678982 2595944465 5230965344 6422692242 487807 
3305616574 3682882614 5771908476 4484926002 1177569 
2357453606 2989847221 5452773696 3831048939 369014 
2184939142 3390291392 5009640753 5161918282 786863 
2402091066 2827241004 4715745217 4978875944 10773 
1759023897 3698984745 4738681286 4255655844 53051 
2578332204 2785128788 4198260777 4864320726 28923 
2997695842 3555269249 5430815520 6645579190 -91729 
Translation # 8
2488212527 3035737100 4248817393 4513746394 1103185 
3045427253 2940246499 4768723945 4920398902 1105195 
2383690200 2949207205 4203115116 4507847063 1124988 
3320478286 2448277280 4249153234 5286504849 -443506 
1944711638 1585402766 1915136553 1744756921 685620 
1293296229 1151902847 2226564407 2141980709 1327559 
1164273797 1228836228 1793674153 1846074166 870890 
1341574890 1176350832 1533853302 1806871909 664963 
968311013 1018235754 2174859193 2403997371 657016 
Translation # 9
1092120389 1010294753 1507937665 1850337387 697810 
1255437854 1049048422 1821422509 2180514696 36123 
1148993221 1243950489 2033937434 2314396668 986246 
950048902 1290079946 1851457487 2244900705 428325 
1218808224 1313745228 2000546943 2328243748 668028 
1041948580 1306523673 1902348992 1850355686 115327 
1364658523 1296424018 2066795466 1922937195 1259767 
1094156240 1152929792 1669643416 1717266293 -132563 
1106900716 1155338701 1901381172 1973915824 -118905 
Translation # 10
1292802783 1100669073 1692070995 2143108368 1093354 
1259480691 1176123551 1743734024 1756097576 713979 
1291662763 921513247 720145216 998438494 1107520 
499382118 572854080 932598253 714557648 1275505 
557748204 480534023 749207139 653116944 897331 
668919263 499103210 770875066 905942687 840237 
353645470 554138486 721874832 961842277 -90141 
480930614 377644288 789309059 1062597119 239879 
393939357 336417348 845192725 1020427895 -14234 
Translation # 11
389206826 553759822 599893273 822975425 434922 
419904531 421845814 861387086 951881112 -78015 
426845466 525819502 845727554 707203686 959608 
477297929 624123197 967447000 750392930 1280383 
537121702 523933113 815105810 892470302 573586 
431622561 427471878 807202050 905443010 380935 
447803227 489275842 795649566 684055853 1057508 
435565006 442389487 886287308 739222469 927198 
676387622 601192857 587776202 838371574 -3278 
Translation # 12
603155194 576371325 854121354 903315848 190770 
620529875 557657561 1000564016 741250815 1146049 
602139515 487096011 935523859 769788433 877926 
526114425 609188356 721825935 721093681 974880 
553141453 350268828 675759987 874990897 185215 
556457858 590660961 699883279 1287508500 318537 
2621252711 2042497135 4191698160 3946106529 496364 
2760777329 2544289523 4020042620 4655711014 543979 
2452339280 2199068777 4543271270 3124963693 454047 
Translation # 13
2881874322 2295453894 3806360901 3927486147 413992 
2988576616 2282813718 4404895783 3543942926 78255 
2394571353 3217228015 4104212380 4745665520 504302 
1989075247 2092992054 3747798383 4416942539 512852 
3220565940 2378209156 4053532704 4748774443 1220977 
2170054732 2479251937 3970490532 4675808063 -203859 
2870841283 2967031490 4512882286 3827117110 -48814 
2175505592 2106564593 3850903038 3939593837 369674 
2304846819 1905527121 4129615677 4899094195 -231316 
Translation # 14
2787069958 2629380476 4371698163 4003104036 626251 
2454636030 2232764676 3968476509 4377013169 -441315 
2300692074 2053406992 3423859350 4322291546 573773 
3220353265 1818404578 3927209792 3299004249 1377935 
2412180988 2183085160 3794291320 3529705029 484115 
2643716964 2479468750 3094383048 2913311995 1663681 
2316471964 2376569728 4049934239 2767845382 559897 
1438836754 1681390831 2967142938 2991271257 141668 
2370638183 2517306479 3204841705 3421744296 703392 
Translation # 15
2222851777 2742472793 3644169411 3315543681 437628 
1956997339 1917828747 3743626465 4231614960 -15725 
1660497140 1987706806 3288809324 2809685174 905112 
2246658904 2789732526 3716734523 4424837166 182534 
1993773051 2498846745 3667185567 3877676548 1183243 
1661434430 2089405618 2860215214 3435601027 504462 
2411793918 2112491132 4214530230 3563585912 -617857 
1918657279 2414553334 3755030073 3816440470 18909 
1652844538 2078292648 3986611358 3809172260 729670 
Translation # 16
1918043504 2068640670 3957946936 3395193768 548123 
2716493985 2482033215 3901905940 3675896474 -16007 
2716301720 2079571410 3321022225 4066085962 -158132 
2073397774 1413233619 4048938010 3575230000 902521 
2163051763 1976692187 3212061567 4404263647 1702739 
2010351286 2557601835 5087989977 4069543949 1164859 
2619603220 2006860302 5717674932 5118999666 -227586 
2771766858 3394788655 4023390793 4813606233 1156632 
3343653815 3419948014 4927055924 3900471351 150219 
Translation # 17
3019773528 2914283757 4196633340 3947668706 422012 
3071017440 2908286032 4963965473 3346597959 374664 
2782225799 2542992851 4308257014 4007716487 67464 
2783957226 2664368744 5469645978 4876973286 821451 
2905857158 2400900926 4146315801 4768426412 1200439 
3547569723 2801791432 4290925132 4580469808 811293 
1887329374 3357293848 4181266445 3708418718 -178323 
2243177584 2977348016 3957195067 4171927236 339534 
2521168336 2561041408 4319802384 4236409343 132510 
Translation # 18
2787528907 2565987776 4197768439 4430717914 978268 
2914518596 2775326176 3795234252 4672456290 1385288 
2219942193 2580445207 4160275673 4142643594 800911 
2450102272 2634101009 4324934469 3685803959 1047272 
2477753066 2640893389 4869226589 4823085301 744230 
2571098518 326350693 457602635 481398265 644057 
231037346 236634131 551688289 398595885 1001899 
327997239 300847486 561955935 481442195 -579647 
231685743 354875769 476061360 431090213 743151 
Translation # 19
344356337 294307611 406997013 384459003 1451035 
333125372 446001166 608889254 440693971 726087 
294457512 315253104 444287324 526248623 1212286 
222603068 372909851 465573282 541224235 380171 
316440667 321549820 382376054 575003089 171032 
356859214 252216872 544407018 517546351 145431 
268870135 269176676 630789013 572110861 -197758 
216626591 350862338 361379028 467320960 591380 
265617384 268012427 473962724 479578807 -353621 
Translation # 20
207481062 351188088 454504595 483296905 751465 
365765534 319085170 615703410 528211525 205918 
355554268 292191492 516282142 440154448 726799 
302360633 361327857 503470270 558181747 630710 
385531825 265887981 552600568 604973800 243549 
335298639 202253233 599488367 575535393 635063 
565631571 2298745623 5174948428 4797878037 1167323 
3157479084 3684130156 5041806161 4317740555 826824 
3626536702 3319935542 4608554993 5895989452 579468 
Translation # 21
1904227203 1723061445 4938557847 4151883840 294025 
2144331427 3811652142 4417956932 4824986165 313361 
2848176894 3556810243 4662840772 4426777018 515953 
2605956365 3690000718 5561932999 5875458979 359276 
3014130972 2950002596 5049074868 4675086091 -376301 
2965537435 2874509960 4114340818 4870042537 643670 
2637925953 2603260989 4718407172 5561683512 245950 
2777272806 3456685965 4417448043 4604518437 1691941 
2645775290 3781060570 4192807753 5739076049 -109525 
Translation # 22
2003744449 3060073118 4612427607 4748266354 -216315 
2570024295 2588000465 5214861332 6402970845 572369 
3295412370 3671943758 5754273703 4470959866 776743 
2350239968 2980693208 5436070256 3819304898 814435 
2178210073 3379830341 4994105303 5146210940 868263 
2394658702 2027491132 1447671134 1527015597 904593 
541195938 1135948167 1451409603 1305395066 249168 
792548150 855158420 1287180147 1492703417 1043605 
922002461 1092177878 1665391891 2036844687 -139978 
Translation # 23
766027615 932965542 1302400197 1385565655 17377 
935720819 902569866 1460750583 1509507053 1434423 
732038899 905447831 1289311095 1382185649 367418 
1020232422 752962580 1301302233 1625384756 1030480 
597224339 911514603 1496250313 1363839110 557037 
1011172407 900617881 1740244623 1673394013 614402 
910273033 960771156 1402464237 1442262165 824182 
1049071827 919601491 1197706259 1412107230 -668527 
757446814 796596020 1698980114 1877918936 143319 
Translation # 24
854253487 790429669 1177916786 1445896745 147540 
981465481 819953962 1423478895 1704704838 255840 
898193650 972305838 4786733726 5443700408 414839 
2232776062 3033197374 4358180691 5281789444 998947 
2864564001 3089719948 4709583755 5474276792 41877 
2449718116 3070911753 4478823660 4355309451 372458 
3209123019 3047736303 4864202476 4522762009 -547070 
2573087746 2707421405 3926395036 4042373540 354241 
2600516476 2713060167 4476871765 4642145998 172351 
Translation # 25
3034582022 2585830076 3983082417 5045468435 1206784 
2960520881 2764670511 4105939921 4136433601 86612 
3033764106 2165939875 4017955386 5550255621 950249 
2769966890 3185474664 5210126228 3980629807 665086 
3095889315 2663833036 4165586651 3640815060 87462 
3717060545 2769149015 4298937270 5051021301 465842 
1963816114 3078394018 4015446558 5344656296 1474498 
2675094588 2092533792 4404938068 5921534969 180082 
2174952022 1865850166 4709020244 5688786094 977637 
Translation # 26
2153131149 3066040736 3354109884 4576084224 583416 
2323829735 2259082915 4624840063 5089438279 1209475 
2277240155 2810984245 4540284231 3805359269 798446 
2545374121 3327904710 5182693847 4027775323 -30291 
2860254412 2794626407 4373250445 4779958502 63585 
2298212592 2276822604 4340291382 4839461084 1637097 
2391080659 2609798617 4263669315 3652536441 -631707 
2322202393 2353898670 4731365750 3961802096 939076 
3605493134 3208274205 3152592927 4495842687 305799 
Translation # 27
3214850430 3074628646 4563888321 4839516219 1117896 
3305174976 2975071877 5364561564 3989595551 984192 
3215520473 2601807274 5012697378 4139438504 371767 
2810153573 3245572647 3852531096 3854025325 1160744 
2947647556 1865570797 3627200229 4694008124 631267 
2966941129 3153626146 3741606414 4359474072 304869 
2821970791 2198925754 4514170083 4249052815 123792 
2972890791 2739002857 4329023285 5013125280 369173 
2640414649 1038952386 823468683 566931522 -191949 
Translation # 28
525315609 418867062 687798577 710962965 912775 
545135914 417105453 796895039 638296104 722574 
436471271 585632699 746419687 862561638 990632 
362842278 381786678 679363081 801908546 998234 
585783151 432198492 732172272 861589629 84928 
396148361 451425157 720507329 847634494 1562806 
522414372 540043935 819692555 692687504 410594 
395951946 382727769 700389312 712916360 1162520 
419062810 347423455 748403001 888651756 1589167 
Translation # 29
506671739 478041934 792792351 727217235 237625 
447500869 406620782 715861992 791799879 1004631 
418967849 374311461 619298264 783864865 1394946 
586086134 329920865 807274841 682060155 234047 
502103443 454698217 785661101 734019223 227309 
550959877 517003598 639684592 603990051 598020 
483953413 495694029 843935317 573491575 721549 
300729895 351159336 619272048 619948383 -790086 
494762247 523872423 661323228 707292842 -443663 
Translation # 30
463434966 571299713 751548173 688652484 660223 
407736241 401475844 774876266 877341492 940338 
346320793 321494785 488696214 420972281 460707 
338260218 419208070 555353119 660276511 174131 
298885251 375468645 552106182 578105513 751584 
250088330 313159350 424621360 514907501 809311 
361702972 317315642 631862739 531819590 813652 
288063079 362245357 561374137 570365834 358990 
250267783 311427244 593347304 568684082 79386 
Translation # 31
289003615 311324929 588421348 504936519 360843 
407140643 372753215 584812458 550198467 911005 
409503948 313733010 499657428 607877856 686834 
311782174 212122229 604009675 532276604 517929 
324979564 297761387 478017438 658658975 822986 
302976153 337964619 613080712 490792493 188274 
316898711 241521972 689290080 615905687 1133510 
337029971 411947770 485421070 576350379 660999 
405664860 411740446 593353836 469795625 1428179 
Translation # 32
364761600 353597561 506076828 473622193 -119697 
372446100 351062275 596161141 765520339 497237 
722355544 659726811 1114380485 1037708547 888138 
723174088 691070728 1417956966 1263748359 1120251 
752617949 622984946 1070989511 1234943538 892364 
921521802 728161404 1111224978 1184091493 767781 
488967333 871682888 1083040620 961640071 579032 
582302855 771549861 1022556508 1076978396 749640 
655305601 665433634 1117115751 1097818834 1138223 
Translation # 33
723604932 666050625 1086279405 1147376537 113798 
757971456 719944621 980087778 1209445293 1161298 
576040013 669677887 1076667827 1070446342 1109006 
635714260 683227049 1120044861 955571514 1305044 
642873809 684707489 1264190264 1246520238 1617684 
667269334 709272172 1000777536 1052781981 505573 
503152891 516871765 1210351632 874529598 1104918 
715898053 656945805 1231933763 1054346395 656824 
505526696 774211689 1046018336 945161732 368651 
Translation # 34
1125917877 992454331 1386175584 1308033943 504900 
1122987670 1510142463 2071261316 1497787681 -403859 
994382761 1064185399 1513913981 1796495649 1287031 
746700741 1259523760 1587308725 1830928221 764161 
1064735733 1081874265 1300667898 1944076357 519162 
1203635140 848781352 1850594888 1754674501 577580 
905802735 908824858 2137921037 1949998609 -47167 
728346054 1182952802 1228149862 1583592297 569227 
895440747 899274363 1610811730 1632873061 564708 
Translation # 35
698403526 1182717778 1542386890 1628279418 138308 
1232607872 1072207286 2084516053 1798222978 -153179 
1198106153 983679772 1758760858 1496050994 940991 
1022099731 1220582810 1700890412 1897934573 -52032 
1295586774 894227083 1870917629 2054858776 1016328 
1128121933 679877197 2035683427 1954766697 52942 
1004510786 825904404 1854411869 1721055798 271622 
1135144153 1323217480 1816184185 1571407445 1411812 
1320392387 1209688719 1678153327 2144925352 285456 
Translation # 36
694652161 628571299 1796323794 1508159081 787103 
780182627 1389523886 1607663533 1753031152 545063 
1037904257 1296324711 1696258292 1610126433 674561 
950634019 1344760090 2023870194 2141185158 174979 
1098784877 1075895469 1836790274 1701134563 1409549 
1081307024 1047126122 1495595817 1774243090 885090 
960130583 949486982 1716866059 2023567213 343397 
1012252300 1260100286 1606276594 1677410489 771943 
964610300 1378226394 1526913092 2088762520 908579 
Translation # 37
731299615 1115091633 1676105781 1729070033 1190877 
936709054 943640671 1895432000 2331019359 451045 
1201339981 1338993934 2092114842 1626641803 837696 
856973024 1086041477 1978380995 1388489331 123667 
794541796 1231833166 1818458633 1872412815 1647312 
873873643 1026591762 1712336818 1806230075 -25251 
639845917 1343501828 1717545081 1544524670 1011548 
937265252 1011486845 1522826638 1765695812 30222 
1089957305 2040283826 4576908430 5600098685 588173 
Translation # 38
2097225805 2558828697 3580331390 3804243748 1287214 
2567149773 2478369808 4018342435 4147061006 293792 
2009023285 2486126945 3542665578 3798667811 1041795 
2798929192 2064053541 3580556396 4456065842 256479 
1639109803 2499106121 4113538686 3746418935 -580826 
2775114396 2470585898 4780089910 4603483063 1386460 
2497837811 2636931418 3846247886 3967318177 156224 
2877059935 2524035300 3296947206 3880814330 484340 
2074832830 2181916259 4674108946 5165347536 421504 
Translation # 39
2341721237 2166036467 3239199460 3973103830 742634 
2693928805 2252100771 3911938994 4678570487 1260365 
2463667263 2667909501 4368554692 4968287295 605395 
2037992806 2768366266 3977373001 4820386862 388248 
2614602081 2820091971 4297819542 4996490403 1661999 
2235843509 2802975329 4087449049 3974690293 -443385 
3287163850 3121828662 4982558736 4632757631 1281467 
2635658089 2773614398 4022191488 4140763378 168297 
2663481712 2778729232 4585835323 4755032112 315073 
Translation # 40
3108049836 2648723063 4080153307 5168201198 -5834 
3032450495 2832180506 4205876725 4237134971 261290 
3107090720 2218235761 4115786334 5685277623 743643 
2837222334 3262937808 5337093705 4077429958 741082 
3171296038 2728566969 4266732916 3729032632 -336368 
3807140272 2836166986 4403507843 5174319582 418768 
2011187456 3153521651 4113107319 5474610494 -139795 
2740363052 2143429358 4512046725 6065753131 470321 
2227372366 1910949357 4823253227 5827135690 838515 
Translation # 41
2205001230 3140526810 3435937148 4687252308 566498 
2380666836 2393230164 4927798306 5422939693 200272 
2426423320 2995124646 4838459550 4055141838 762166 
2712342493 3545765338 5522754986 4291986072 157420 
3047542332 2978043023 4660075976 5093356862 1484547 
2448732977 2426002107 4625214629 5156526705 939651 
2547813083 1215255585 516044846 444554100 809317 
283673857 288063584 576584285 479246127 520940 
439951096 391060210 381020893 543514759 968908 
Translation # 42
392096078 374588133 554904371 585948322 289985 
404161207 362752603 648938027 479473959 747828 
391380721 316310972 606777519 498207288 260024 
341844558 396705825 469388229 468526938 507554 
359697485 228111101 437603107 566714619 544558 
362368469 384270769 454633609 529789119 696945 
343689637 269514789 544087948 513958068 -311237 
362644174 334604505 521982140 608416225 -139207 
322835316 288234551 592558050 408447350 435032 
Translation # 43
379104745 302625342 493957492 511323385 330002 
393431510 301681363 573009635 458289020 4255 
315114324 422160729 538035223 621693747 1477513 
261964875 275708880 489059224 577590375 -779178 
818620799 752981500 1280050308 1502961061 1121989 
688479085 785967924 1256346740 1478940858 797493 
909431663 940242014 1428315339 1209754427 460813 
689239904 666955291 1220022525 1245121584 1695291 
730395138 604418205 1306115840 1550021836 -365000 
Translation # 44
882708785 832707589 1383195445 1267441264 129280 
778512832 707716985 1252225741 1383262050 1092309 
729184978 650936452 1081964246 1367346061 445954 
1020190518 575517312 1407011872 1192269973 -44446 
874493347 791749839 1372036497 1279366682 107631 
959011647 899532961 1118263648 1054221758 1208701 
841321228 862484877 1468950245 1001560894 531186 
522689429 610525255 1077108290 1082387804 1031195 
860171402 912550690 1157286580 1236586596 505431 
Translation # 45
806700154 994555615 1315716046 1189033551 961767 
529661980 521059656 1008790251 1141014783 100718 
449865009 537305611 884925766 759768937 360522 
608540038 755078004 1003396629 1193846296 -133388 
538820208 675942603 993415598 1045588514 653571 
449615253 564715980 769619343 928704278 -492838 
652108625 571625102 1139378223 961223741 324093 
518909119 652821455 1014219232 1030601532 245774 
449017592 561568705 1073993201 1027945537 231194 
Translation # 46
519810094 560212826 1065857038 914381799 607912 
734260027 671425196 1054976245 992815691 911776 
736326723 563593456 899444032 1097669954 1286364 
561698622 382565278 1091772731 963584916 1051120 
585741329 535609918 865312699 1189305417 340930 
544786568 609175578 1107737645 886349409 693633 
571610216 436649550 1245038835 1113689199 936500 
606393940 741648576 876717944 1044626809 1008771 
730542518 744318385 1072323052 849024958 108874 
Translation # 47
658399986 636647547 913689982 857670888 178734 
670695980 633535665 1078807225 990537456 662654 
852674127 778885910 1316503725 1225508946 226442 
853486855 815806835 1674439204 1492546086 742023 
889243848 735519392 1265712905 1458741433 806923 
1087557880 859527755 1311973613 1398714205 458473 
577773917 1029050390 1279253192 1135293902 203512 
687376918 911121711 1208401489 1272858046 1295512 
773475726 785478650 1319914744 1296313185 260919 
Translation # 48
854291429 786252888 1283147607 1355135283 720887 
894381332 850106834 1158186522 1428883785 609781 
680134581 790813388 1271465781 1265140990 256169 
750513500 806641865 1322938604 1128509274 1375068 
758828007 808356275 1492270374 1472815433 599367 
787514495 837198689 1181432020 1243086028 1201958 
593858072 610117317 1429762645 1032730759 1406097 
845153751 775335214 1455242764 1245311131 1301010 
596917187 913860064 1235882597 1116609165 -29619 
Translation # 49
885301533 757832739 1057211988 870730547 877978 
45653801 58691269 75870822 55341240 1177786 
39173275 42079902 54649107 63342460 745354 
31469703 50053672 56885002 71408448 849168 
43787827 44614150 47740214 76249729 1384222 
48237784 34444708 68331881 66472704 185370 
37155351 35991491 81692452 69863477 991067 
30407910 47989828 45424937 61066104 696700 
36062261 37761375 59866791 59387373 240295 
Translation # 50
28408090 48189723 58104860 65941594 749649 
49700752 44531163 80479554 65595574 867490 
48532453 40574151 63556627 55471453 -518336 
40191767 48430323 67572059 69932159 1234497 
53785600 36732395 72399249 76508920 -46745 
46296993 28188283 76077248 73176174 142970 
39863140 33017037 66617642 64704283 435035 
46737227 51904989 62138690 59030187 1325705 
50245613 47681900 64165894 79323328 232541 
Translation # 51
28572008 25763434 65938611 51941139 867661 
28850522 55850622 59970086 438923176 1582585 
1239445334 1547640711 2025849272 1922707977 604108 
1134601617 1605026336 2416998922 2556132030 581363 
1311263571 1283933895 2193534523 2031150715 65973 
1290651914 1250474152 1786832818 2118562105 633555 
1146651441 1133145509 2050583308 2416999137 1069991 
1208208270 1504132946 1918353306 2002534021 378972 
1151516114 1645053782 1823240941 2494182278 93062 
Translation # 52
872685149 1331526950 2002420359 2064811642 137790 
1118239685 1126135752 2264459764 2783495971 -39322 
1433907102 1597922346 2498823610 1942745099 1195788 
1022942684 1296356266 2362344794 1658393777 232891 
948468854 1470526057 2171214519 2236556304 636908 
1042948222 1226106029 2044362885 2157401353 237712 
763606802 1604284043 2051864079 1844143384 912378 
1118597011 1207409517 1818645267 2108105692 797443 
1301209339 1541935750 2353185953 2878294967 -128926 
Translation # 53
2396912765 2924263388 4092612205 4347912070 194615 
2933570393 2832501673 4593076536 4739695355 994429 
2296386847 2841117988 4049052641 4341925630 235445 
3198706761 2358521363 4092945701 5092323328 118678 
1873235267 2855725461 4701657083 4281513456 999893 
3171581357 2823192588 5463642347 5261845434 579232 
2854850958 3013614676 4395442284 4534854576 794964 
3287897064 2884502754 3768637477 4435307238 476663 
2370979082 2493640523 5342842440 5904212206 836160 
Translation # 54
2676095523 2475295402 3702794148 4540976559 -383056 
3078279570 2573617507 4471150623 5347288190 1112211 
2815476600 3048800843 4993258060 5678178379 1055676 
2329159912 3164224596 4546134589 5509769904 1387125 
2987710532 3223289128 4912705103 5710096500 1130041 
2555456896 3203645678 4671708047 4543407008 506380 
3347545446 3179194453 5073951013 4717481707 281036 
2684017730 2824025367 4095976968 4216816112 1164203 
2712305203 2829663329 3798337659 3939160445 -30089 
Translation # 55
2575404354 2194564447 3379434629 4280885872 56996 
2512371687 2346141603 3483910603 3509240075 -358358 
2574413451 1837927261 3408836002 4709755334 140553 
2350719898 2702731883 4420313136 3377437326 536722 
2627273417 2260290376 3534869139 3088993959 218840 
3154302426 2349788530 3647457594 4286038015 1200351 
1666483675 2612571535 3407643406 4535165290 550076 
2269935583 1775926457 3737252285 5024523824 921029 
1846058048 1583500016 3995478544 4827068544 436006 
Translation # 56
1827017447 2602201738 2845423283 3883311627 582262 
1972482755 1982934638 4081447193 4492499623 634879 
2010039859 2481370065 4007030630 3358361171 -117940 
2246978119 2937701149 4574534742 3555048602 175904 
2524861116 2467277024 3859796694 4219015182 1512304 
2029251204 2010013032 2656990117 821977280 -136896 
406719341 444131017 722041404 621089566 294910 
395738509 401618585 804995972 670700250 1027077 
613760307 546020729 533352956 760763988 287004 
Translation # 57
547709659 523166031 775587712 819637449 392503 
563646232 506365113 908015371 672280236 1095542 
546691744 441953559 848990679 698378889 266893 
477530052 553139909 655137128 654718528 45495 
502335075 317920577 612745860 793758356 -198718 
505737022 536442405 635442157 740124996 8053 
480338442 375742045 762721258 719289397 1050082 
506183339 466792260 731274944 850553911 904281 
450157709 402578442 828904273 570851652 676986 
Translation # 58
528880615 421863054 692067080 715609642 205592 
548755691 420221239 802622485 642799455 677599 
439579404 589614349 751250172 868436420 304343 
365374522 384665413 684005036 807377409 636227 
589893041 435406971 737430850 867466527 1802039 
825991514 1424010093 2279080544 2683428347 1387044 
1648360356 1704021042 2590617854 2195985454 1560114 
1249103184 1209546190 2211184051 2260180839 809694 
1323604191 1094811755 2369862383 2812066457 507969 
Translation # 59
1600097958 1509944113 2509162904 2298184159 1216671 
1410141422 1282516104 2275280589 2511220471 104099 
1321497597 1179464838 1964520569 2481050717 -122670 
1849336277 1043864256 2551279880 2166003461 428875 
1585369929 1435008671 2491620514 2319482085 1225552 
1737729101 1629771769 2031950792 1913328159 1675185 
1523099654 1562559072 2662301997 1818027959 742228 
946245237 1105516375 1950658516 1964520175 468470 
1558701263 1654161690 2103337814 2246788079 713217 
Translation # 60
1461415149 1802664235 2392095153 2178123622 226196 
1286053703 1261661613 2458300322 2779205724 1200138 
1091594465 1306454192 2159475591 1846186033 -125824 
1476569275 1833587965 2441584625 2906307287 1017435 
1310056961 1642148142 2411113700 2546550791 793196 
1092192129 1372882000 1877849368 2257374759 145334 
1584957730 1388123690 2769422403 2340975032 39594 
1260818967 1586980872 2467072556 2507316665 -291458 
1087339694 1365526269 2617692672 2502479742 486851 
Translation # 61
1260994507 1359899868 2598909058 2229559053 -201651 
1784763662 1631240099 2563723793 2415026116 -202491 
1785824029 1367049927 2183215611 2671208649 616443 
1363184390 709769309 707081630 623813484 908058 
380441047 348031118 560213141 771181110 662738 
354207726 395632894 717561751 574192428 -280117 
370859889 282993873 807245662 721342307 1351296 
394017233 482110574 568462694 675508011 1006375 
474368435 482130386 694781056 550107259 -227424 
Translation # 62
427012716 413531055 592213232 554838802 1367780 
435758018 410503336 698363577 469244344 1228072 
395312528 360580822 606686892 565604962 1119207 
395969379 377319906 774195942 689310395 817534 
410540817 340045423 582067839 673322547 204369 
503913856 398458808 605547302 644188979 334960 
267017125 476716142 590601071 525021835 -783647 
318551946 421239710 556274809 585131614 450490 
358866606 364134242 608170399 598854277 296701 
Translation # 63
395666707 364079088 592102222 625158965 -355796 
415271328 393280482 532698287 659070206 1189736 
314839328 365960241 586576378 582179259 1734877 
347316164 373184945 610427499 521714386 -429914 
351202224 373546470 691466535 678268293 785686 
364654510 388667763 546020017 574389505 1609060 
275227072 282333072 658729803 475905606 -138737 
391182519 358763146 1111348330 2614741014 515019 
1251661361 1916203012 2598890530 2346553717 820577 
Translation # 64
1854910540 1588885185 2222716335 2097144699 -365262 
1797422583 2418739579 3320073397 2401192011 489081 
1592292512 1704554808 2427187557 2881210784 -716555 
1194028455 2016967411 2545637052 2932496039 367578 
1704318484 1730808972 2085276048 3113262707 651267 
1927478967 1358325279 2966270961 2811194272 45855 
1449709487 1455655837 3425307386 3127309349 536945 
1165269219 1893369859 1968880333 2536983326 1256341 
1433526084 1438757355 2581775133 2618025233 466613 
Translation # 65
1117594846 1893351166 2471861110 2606965157 246533 
1973709846 1715664561 3338927019 2882807325 565009 
1917901741 1573919606 2820325087 2397563508 1117135 
1636681191 1954716710 2723447440 3041859972 950094 
2073133473 1430976002 2996425418 3293611050 1023624 
1805682449 1087894010 3262706222 3132766822 1085955 
1608402493 1322370911 2973413224 2758152505 107759 
1816991526 2118830498 2895807508 2482417159 177496 
2085404453 1909703915 2649999797 3389484073 877514 
Translation # 66
1758236260 1590831466 4558905798 3832703576 -69079 
1979620342 3519125742 4078655056 4453663450 517927 
2629400983 3283849544 4304886582 4086185124 11571 
2405766613 3406792226 5134363240 5424834949 433371 
2782850209 2723833323 4661349350 4316031925 1009148 
2737937636 2653513268 3797804817 4495816126 1633394 
2435308155 2403200510 4355742228 5134494120 138399 
2564087106 3191364582 4078116890 4251030301 242828 
2443111472 3490734740 3870855447 5298180913 571512 
Translation # 67
1850070313 2825634289 4257854441 4383534446 1088857 
2372557741 2389400465 4813846281 5911066376 -252706 
3042747289 3389886833 5312089782 4127432641 1038416 
2169899018 2751842857 5018484282 3525703860 -325562 
2011264685 3120532604 4610555552 4751095672 85513 
2211233554 2602292528 4340289050 4581994711 481023 
1619303726 3404556390 4360796874 3916638093 1040974 
2373227460 2563401755 3863865926 4477042428 907185 
2759315996 3272132290 4998113626 6116013681 612237 
Translation # 68
681682540 140496504 191875572 206560220 -264321 
140243440 134201637 214033350 223435249 739742 
108768405 134854935 190676215 203807281 695234 
152749245 113600045 189969162 245000727 749062 
89271927 137760781 220363002 202070656 1329576 
151040695 135036549 258269179 244416755 426903 
136099569 143560020 210726959 210871279 564576 
157554710 137546945 174660827 208336293 576689 
114691350 120844745 247889969 275091894 543496 
Translation # 69
128689789 119420415 172629598 214050093 28414 
146645769 122174543 209848349 254582656 354643 
134838898 145990975 234404996 268317158 562640 
111342682 150481767 212673347 259117445 526500 
142929394 152819160 228892718 271197903 602050 
121268393 152934160 218186265 212201900 1176253 
158572953 151511237 237612171 222758529 688247 
127160030 136109121 193919445 197465748 1006393 
130073341 136786761 217775175 229037390 456764 
Translation # 70
153518298 129236993 193749498 245470185 248483 
147392441 137931711 960337126 1426557533 187464 
1050462578 749267003 1386762766 1918599694 1462814 
958429400 1101116034 1797512370 1374521590 388030 
1070969486 921691498 1440101911 1257160175 397415 
1284983401 957950810 1483855724 1743815115 1271508 
679097550 1064468786 1387538368 1847529509 1208659 
924334508 724267212 1519819159 2044677245 765804 
753978882 645767766 1626079446 1964100076 860564 
Translation # 71
745695893 1061619428 1156295096 1581836746 621335 
804993944 808698272 1659864709 1829906848 500379 
819496741 1010435958 1629160135 1364497478 730785 
915897915 1197643910 1862111510 1445762105 129195 
1029707779 1005753144 1570184218 1717119450 -48489 
827525698 819920809 1556622693 1739996157 380568 
860453655 939224437 1531631149 1313629060 186399 
835791375 847868209 1702353417 1423200323 489694 
1297421173 1154390317 1132123196 453037317 1380684 
Translation # 72
33708965 31828643 45971632 45734508 -2471 
35932371 31000986 50197960 33839713 287902 
32463245 26188296 47327599 35920684 141585 
28419190 35113000 39693783 38608114 1310834 
31315685 20298336 32490371 42898036 102239 
31361111 32510314 37329318 43593808 -528256 
29437734 24727485 40164072 39900199 909487 
31280373 29176061 38615424 49193475 492068 
28148831 24233507 46842219 33266067 410758 
Translation # 73
33299211 27264263 36195095 39136189 667803 
35007598 27910699 43397584 31811461 789253 
28167529 35964744 45000827 52041038 702005 
23303697 24652316 38711774 47084917 632854 
35442328 25751009 38701115 50318135 706199 
25366694 28279741 41699870 48220401 1035995 
31817133 33371139 48091149 38234998 597799 
24135155 22519700 42693180 39343811 1190539 
25424779 21835952 42509817 51359664 484499 
Translation # 74
3346433238 3157031038 5249165399 4805955219 558181 
2946598764 2680090956 4765554049 5255865246 1149662 
2761788754 2465352456 4110976542 5189444437 661319 
3865847871 2183053522 5334909553 4534908401 967671 
3314281102 2999767707 5215009666 4850066262 760351 
3632040748 3406218100 4254174774 4003820354 502598 
3181651866 3264718241 5564044004 3804096769 163366 
1976426818 2309648791 4076030718 4111308021 212592 
3256976160 3458293067 4405731312 4704095397 1029453 
Translation # 75
3053951608 3768157395 5010235293 4556492195 1077305 
2688399514 2634245815 5145693087 5815492001 268489 
2281093028 2731219756 4520519630 3861013720 -820132 
3086272479 3832525684 5107213939 6080950252 695823 
2739349534 3432849370 5037790412 5329524695 -325137 
2282426714 2870859610 3931841778 4721001558 1224875 
3313538178 2902341990 5790616303 4897768476 -320402 
2636122461 3317611022 5160074637 5244575530 547824 
2270581015 2855645416 5479339749 5235345744 1285884 
Translation # 76
2634831439 2841634392 5440523524 4667144631 -201285 
3732343993 3410007480 5360982114 5050950132 943653 
3731241459 2856320727 4562582868 5587868448 -203293 
2848862877 1941161621 2149277329 917940503 102861 
558083538 510436767 824478864 1133291409 59630 
519287239 580895583 1055064089 844132649 -215683 
544587761 415958831 1186192147 1060987581 484461 
578076859 707082888 835061236 995118853 235671 
695970543 709000112 1021601302 808873356 279023 
Translation # 77
627491131 606417511 870469064 816638913 1252449 
639144958 603383948 1027833237 691483031 390562 
579686386 529227186 892641588 831320593 -579378 
580203881 554030519 1136856955 1012852204 1054870 
603477544 499470991 857282202 989566227 191687 
738699269 583935367 890372746 947921813 1585707 
392254869 699185279 868071125 770788447 455505 
467169658 618361242 818766922 862063885 84087 
525616448 533974883 894969085 879791578 -134518 
Translation # 78
580289607 534006080 870416791 919162699 460042 
608289093 577227279 784674357 969016232 700754 
461617924 536985711 862268299 857094817 1234313 
649612202 1652606765 2712621255 2312280006 -480623 
1554574204 1656701841 3055768736 3024190447 426763 
1613440756 1712535034 2422157020 2548674036 71068 
1215492682 1249988166 2934366252 2119238001 560182 
1731153599 1589387931 2985621106 2554049228 689505 
1222627458 1872052496 2538369357 2291791009 10486 
Translation # 79
1812130719 1552193116 2170790448 2048764103 291555 
1755663402 2362517966 3243533153 2345325329 722646 
1555452009 1665098859 2371035471 2814545531 1056206 
1166539292 1970597799 2486598034 2864628861 709107 
1664935296 1690928102 2037087161 3040972350 109767 
1882820730 1326975013 2897613411 2746488193 265226 
1416287512 1421832265 3346041334 3054833699 785253 
1138436328 1849641383 1923428696 2478370782 198451 
1400384530 1405551299 2522374425 2557314878 1594307 
Translation # 80
1091532271 1849314181 2414130497 2546866523 304723 
1927706217 1676020885 3261697353 2815533439 1051505 
1873544222 1537665852 2754913247 2169467232 -137257 
1170600279 1398191143 1948053829 2174108927 622173 
1483492859 1023968814 2142651431 2354258070 783529 
1291778487 778581591 2332489890 2239340210 586215 
1150367291 946025889 2124720747 1971630728 999778 
1300177046 1515218277 2068567967 1774858919 135930 
1491223760 1365888030 1895391770 2422963120 1079646 
Translation # 81
784310342 709496628 2029245296 1703874527 363794 
881126865 1569187198 1816049674 1980653111 575969 
1172409017 1463760554 1915573571 1818811907 941459 
1073154197 1518187844 2286001435 2417755819 -656888 
1240255626 1214822967 2074595616 1921168650 -365392 
1220918146 1182925348 1689853317 2003917086 -408510 
1084713575 1071949586 1939086831 2286082307 249259 
1142941581 1422815948 1814310485 1893933099 431752 
1089141040 1555861318 1724411117 2359443686 -40657 
Translation # 82
825557563 1259172695 1893652937 1952868946 1247269 
1057677991 1308596975 3322478005 4081811383 794562 
2101777846 2341638426 3666628459 2849868899 322696 
1499042792 1900748724 3465074854 2433416147 294474 
1389513333 2155540457 3183776738 3280074806 1065600 
1527629335 1797264945 2997554217 3163979233 924683 
1118559591 2351324466 3010033672 2704229241 103163 
1639503492 1770362968 2667707207 3091683645 309315 
1906496048 2260158389 3450980926 4222189720 870796 
Translation # 83
1582396592 1929958258 2699507691 2869122422 17349 
1936480851 1868929701 3029630472 3127292492 1291492 
1514978536 1874653426 2671209236 2864471737 -237255 
2111176257 1557166398 2699313567 3361384411 831892 
1236125921 1885239741 3101617992 2825077610 1471743 
2093090458 1863106953 3604994086 3470305271 476468 
1883977148 1988908525 2901216387 2990837708 192300 
2170249359 1903700997 2485335652 2925955287 -335311 
1565574722 1646552372 3523829140 3894142866 -418788 
Translation # 84
1471975453 1361657100 2034047146 2495646140 1506477 
1692413797 1414508632 2456751622 2939914590 1219127 
1548398191 1676504743 2743188076 3120671615 810508 
1280398311 1739298348 2497333450 3027178009 235609 
1643260939 1771583819 2698749878 3138737433 564381 
1404892034 1761307751 2566521836 2495833261 534360 
1840054295 1747713841 2787635274 2592554726 10169 
1475272466 1553206907 2251030551 2316704570 141836 
1491794008 1556466904 2565017413 2661454295 697484 
Translation # 85
1741677189 1483473774 2282217065 2890848689 745710 
1697714182 1585479883 2352503269 2369582291 592190 
1740358240 1242230874 2302604652 3182267917 514379 
1588755370 1825989935 2984862371 2281410416 432060 
1775555471 1527671486 2388288251 2086685262 404052 
2131174442 1588498587 2463256608 2894667729 1154462 
1126203641 1765144046 2302371771 3064508168 509216 
1533841038 1200519900 2523990562 3393584336 -169387 
1248450311 1070285227 2698738750 3260117352 385162 
Translation # 86
1235510140 1759213380 1921390556 2623596060 1344837 
1333487751 1340599222 2756489512 3035516698 218318 
1358344982 1676504457 2705927166 2267197710 273105 
1518627721 1985450122 3242597667 2688030712 274434 
1910534786 1866429816 2918866614 3190786594 -309045 
1535412778 1520635360 2895824220 3231106191 939479 
1596908174 1743043537 2846091821 2438897142 -66948 
1551090860 1572222161 3159837515 2644859965 1465196 
2408270093 2142832623 2104423730 3000722281 -218337 
Translation # 87
2147084515 2053049559 3047488574 3230285306 778559 
2207966521 1987007098 3580954905 2661654183 842557 
2147226771 1737382917 3346121499 2761972462 963533 
1876288388 2167953988 2572448257 2573171034 488730 
1968777967 1245890672 2420809964 3132708791 266119 
1981858644 2106118930 2498214947 2910784569 965723 
1884904776 1469073377 3012226022 2836333267 196594 
1985261831 1829447391 2888864844 3347014474 295232 
1763882165 1581204458 3265811046 2246325017 364910 
Translation # 88
2072425190 1650673077 2735488504 2823138499 60476 
2149415927 1642031257 3166211659 2546290404 1175172 
1722249330 2313444241 2951264411 3412214959 145074 
1430738330 1505032199 2693653867 3175275125 234016 
2315998829 1710271860 2913065939 3413830663 547353 
1560860748 1782786357 2654080337 3019408916 622309 
1854423797 1916872186 2914766874 2470869464 -53961 
1405315579 1360825270 2487482833 2543233455 344316 
1488731374 1231561255 2666750528 3163932680 643879 
Translation # 89
1800243017 1698709121 2823480823 2585724787 615315 
1586460127 1442502218 2560832062 2825777402 579749 
1486511850 1326764647 2210451291 2791254302 -64748 
2080654071 1174296365 2870258030 2437589278 937924 
1783411130 1614344731 2803836212 2609593383 166447 
1955015121 1833539910 2286335950 2153169817 38728 
1713281600 1757485260 2994573960 2045611426 563650 
1064460147 1243345930 2194351348 2210909695 242759 
1752940419 1861265979 2367402069 2528265331 512971 
Translation # 90
1643843537 2027968657 2691810155 2450928803 402888 
1446923115 1418993399 2084486712 2155273541 -294462 
847028840 1013268826 1673660915 1432576880 256302 
1146233065 1422855893 1893780239 2254049774 92121 
1016213604 1274059379 1871112762 1974610714 733976 
847595229 1065093342 1455675616 1751169746 935661 
1229657746 1077252146 2148596441 1815073457 554146 
978347957 1231240705 1913197316 1944404869 1265083 
844194602 1059357421 2029730717 1940516091 870351 
Translation # 91
978356790 1055239256 2014859722 1728383575 -418594 
1384588318 1265596327 1988793229 1873255172 703064 
1386115064 1061271266 1694116919 2071689353 644616 
1057887017 720768586 2062182309 1820610197 655319 
1103392977 1008429014 1635404788 2244323355 409489 
1025663208 1148954831 2090932664 1672917891 -5709 
1077652326 824627263 2350074414 2103262504 720789 
1141184299 1397466009 1653975535 1975865826 670185 
1376059771 1405501308 2024666712 1602971463 1178954 
Translation # 92
1241838771 1199158467 1725025658 1621021453 126471 
1263932475 1195710954 2038981201 1373365645 215637 
1145096311 1046453875 1769843454 1647331140 469893 
1146131443 1096019674 2249454941 2005412102 1334607 
1194947336 987939562 1702144821 1960355645 53006 
1460581907 1153746010 1763819102 1880957229 1046417 
776256787 1381931780 1719229255 1525157175 150494 
923033369 1224332552 1625227569 1712283660 335529 
1038243191 1054525734 1113991301 971893697 621786 
Translation # 93
640895152 589641192 961648398 1015441144 661482 
671112479 637485712 867132988 1070551907 912055 
510158662 593249484 952637132 947484275 1668266 
562957581 605281814 991274506 846092940 931055 
569253671 606109002 1119639776 1103352617 638735 
590667958 628218016 885915112 932102822 896000 
445270356 457543066 1071022369 773885586 24302 
633917735 581629275 1090323177 933246806 604467 
447862115 685591790 925412233 836767831 1011179 
Translation # 94
664083778 568590608 791322635 747214444 42255 
643531570 863861449 1183066052 855981506 494137 
569328436 609634384 864343118 1025052331 533925 
428405970 721147080 905874130 1047705549 329111 
610314333 620024933 742893951 1112863936 -59431 
689484534 486467138 1057320435 1003489825 659360 
518946142 520181050 792544320 672355176 738497 
253801103 411478652 424777449 548938873 885915 
311531568 314027375 556953836 563654710 682406 
Translation # 95
243346633 411698004 533769787 566671227 1066430 
428634081 373878621 722707621 620905549 511370 
416881827 342749825 606825935 517039393 578484 
354802265 424288339 590906342 655643749 -474185 
451719968 311777035 649041984 710517138 628465 
393086649 236803077 704150870 676129050 889660 
348964108 287117439 639594958 595761651 -327530 
395587001 459350555 620907326 536523343 490812 
451361818 414820695 573613204 731569965 331433 
Translation # 96
238921610 216109546 612383403 511741149 738759 
266055892 476841518 548694577 595634518 943345 
355882592 444879483 577814999 548490317 1085454 
326961176 460977329 690763079 734022140 1431345 
376531144 369577116 626156125 579860101 310568 
371322476 358674488 508934817 607854646 1234425 
328069515 326267974 585881718 690807600 13278 
347112916 432297030 546660045 574021359 191088 
331421823 472372640 522567284 713316056 -325156 
Translation # 97
251815631 382133316 569689665 591518579 1017689 
321422556 323791752 644801748 796786936 907148 
412186798 459752804 712005253 554886303 831443 
294365246 372035719 675286684 472177270 873813 
273359555 422550339 621612536 639059346 446869 
300562349 351481404 1144133948 1597796817 -176573 
566319884 1188709936 1519059142 1366273071 360496 
829280126 895088707 1347198546 1562228012 -206096 
964594981 1142977093 1743211334 2131583930 436842 
Translation # 98
801533078 976549344 1363414482 1450040723 -372025 
979418573 944898766 1529093955 1579936563 -473678 
765910674 947589630 1349317422 1446735263 552332 
1067544855 787784915 1362076408 1701103207 -238545 
625030372 954110554 1566100771 1427371474 -436895 
1058210860 942393519 1821237923 1751456236 454278 
952722399 1005462390 1467850531 1509656674 1093270 
1097648134 962504125 1253880305 1477935664 186526 
792631033 833322058 1778349958 1965761124 677351 
Translation # 99
893923705 827120204 1232810083 1513677382 675833 
1027460329 858156190 1489787207 1784329229 997633 
940099873 1017928871 1663368690 2665627620 -157538 
2131767688 2895753381 4160546320 5042327344 479676 
2734562572 2949691172 4496175476 5226151599 802943 
2338875016 2932201358 4275367203 4158160440 1453860 
3063820254 2909616745 4643692941 4317595549 200734 
2456479380 2585077188 3748527931 3858835322 1260188 
2482456371 2589997550 4274191265 4431479543 668474 
Translation # 100
2897239852 2468703264 3802428074 4816620192 5559 
2826265071 2639893173 3919780010 3948735548 936910 
2896029915 2067657997 3835471234 5298809919 -135766 
2644502852 3040813950 4973613799 3799899701 92827 
2955646601 2542817255 3976806252 3475739098 634825 
3548339050 2643730671 4103878905 4822073863 420222 
1874846915 2939192652 3833442413 5102468928 969779 
2553842623 1997976127 4205102593 5653222468 306602 
2076475975 1781242119 4495182731 5430631721 826993 
Translation # 101
2055663633 2927329608 3202083029 4368784852 961769 
2218994939 2230964182 4592469484 5054439849 -75952 
2261295715 2791430196 4509108287 3778745283 174065 
2528002859 3304805158 5146890844 4000137611 478371 
2840157683 2775353216 4343034965 4746935108 546437 
2282590452 2261342891 4310102496 4806158818 481000 
2374630334 2591622536 4233906082 3627218786 388465 
2306193157 2337601674 4698587132 3934682952 397838 
3580348611 3186363809 3131155970 4464747360 442982 
Translation # 102
3193123809 3053225779 4532647352 4174084207 736981 
2538222732 2284449179 4117700808 3061573716 654547 
2468881104 1997318726 3848023689 3176892133 1092543 
2157622812 2492190529 2957710313 2958667643 1260776 
2263622915 1432660961 2783850626 3602632507 991317 
2278190638 2421257430 2872529531 3346911706 535794 
2166828400 1688943025 3464236364 3261476191 1223072 
2282465117 2103402560 3322399940 3848585394 -679836 
2027832769 1817945723 3755260153 2583235924 731585 
Translation # 103
2382961294 1897868317 3145756459 3246417496 499377 
2471055136 1887680798 3640760793 2928838018 104302 
1980250410 2659871765 3393038796 3923522045 65224 
1644723444 1730535653 3097838496 3651066292 1192612 
2662804693 1966418531 3349742494 3925620685 641172 
1793898306 2049543743 3281930052 3865011935 629311 
2373139614 2452886189 3730565366 3163346824 546572 
1798344522 1741408193 3766537780 3978641521 994279 
2327666415 1924758205 4170401519 4947768025 504428 
Translation # 104
2814690017 2655724961 4415013959 4042403746 -286083 
2479281385 2254846469 4007699427 4420402999 323860 
2323368224 2073732652 3457483117 4364955908 -524363 
3252153195 1836296650 4487659856 3813768768 514836 
2787912827 2523389216 4386152098 4079888469 -127518 
3055512487 2865560521 3577475218 3367583599 327129 
2677117988 2746571458 4680828024 3199488983 654388 
1662832614 1943164981 3429179513 3457953242 1152472 
2739685122 2909504604 3705076109 3955911718 193224 
Translation # 105
2569052926 3170069684 4213081283 3832943787 1104736 
2261640104 2216459484 4327774095 4891700414 1068353 
1919055649 2297796368 3801804479 3247932944 1235247 
2596303475 3224167661 4296150833 5114738391 712450 
2304604844 2887826735 4238390876 4482506810 1591291 
1920029281 2415006217 3306769090 3971399436 449306 
2787324876 2441351596 4871368040 4119671865 450489 
2217599549 2685916183 3877129082 3940562536 52527 
1706995952 2146248670 4116364971 3933698358 236014 
Translation # 106
1980522327 2135843204 4087189180 3506127128 -382620 
2804797363 2562896740 4029054044 3795711201 435191 
2804651314 2147282764 3429237375 4198437224 46904 
2141231279 1459016313 4181039231 3692007641 175216 
2233650124 2041044172 3316753308 4548187009 489521 
2075900273 2327069802 4238237608 3390091526 870899 
2182619229 1671640196 4762600794 4264057518 642083 
2309679882 2828804539 3351373894 4008926297 -127663 
2785907664 2848730671 4104356552 3249198440 500756 
Translation # 107
2515654518 2428121642 3495613565 3288199574 445541 
2558715827 2422779311 4134535802 2787166382 334546 
2317963548 2118885770 3588914452 3338574798 838008 
2319948332 2219707653 4556674755 4062748045 791147 
2420719014 2000363939 3453203589 3972723449 1588025 
2955696482 2334474752 3574492197 3815344000 -66706 
1572345689 2797169512 3483245336 3089522966 1403059 
1869011412 2480336057 3296011072 3474716139 667740 
2100800756 2133917751 3281136931 2793113542 178771 
Translation # 108
1838327922 1692182883 2767255788 2920639750 890927 
1922552788 1829968396 2500610756 3080231539 919679 
1464079489 1701973457 2742008557 2729671009 816680 
1615966092 1736816444 2850822486 2430234609 -22851 
1633865640 1741345821 3211473598 3178561684 -305291 
1695704980 1799727566 2545550460 2678677895 384725 
1277437684 1313814296 3084251389 2227513711 437629 
1819428640 1670240507 3138230113 2684577715 344637 
1285066677 1967378107 2668241586 2409213343 451632 
Translation # 109
1904253790 1631340968 2282208831 2153501582 1584868 
1845010274 2483050163 3409067465 2465255296 556535 
1634914020 1749840346 2492441150 2958630744 -420199 
1225815259 2071104639 2613580125 3010553176 887326 
1749578849 1777290503 2140980384 3196098536 991808 
1978543248 1394552070 3045894454 2629625226 1276891 
898138380 901052018 2119702763 1933417398 668118 
721990363 1172572036 1217910582 1569995627 517709 
887657452 891605206 1597194463 1618930808 703629 
Translation # 110
692442081 1172650322 1529247058 1614367726 259286 
1222027871 1063058746 2066332304 1782616892 -152898 
1187953686 974864892 1743833261 1483121730 -171509 
1013236089 1210250885 1686350605 1881665165 -45839 
1284533477 886595433 1854523550 2037251745 2429 
1118414457 673899507 2018327026 1937793894 -245867 
995786504 818969754 1838284686 1706413126 1079583 
1125571965 1311745334 1789337828 1535739830 465356 
1290682583 1182388011 1640139510 2096833785 888228 
Translation # 111
679097629 614502948 1756022900 1473974522 854191 
762550207 1358568190 1571458529 1713461448 724809 
1014610107 1267420957 1657618078 1573525707 982804 
929310179 1314578538 1978292807 2093087604 841109 
1073801482 1051609530 1795281120 1662763634 224457 
1057024520 1023932374 1462162317 1734750522 854915 
938877555 928317016 1678200823 1977990941 1182418 
989355402 1231702044 1569979948 1639490644 1081662 
943246763 1347087267 1492290700 2041618618 210175 
Translation # 112
2003780851 3060441468 4612111776 4748412279 23244 
2569789704 2587929639 5215066562 6402841247 115094 
3295631121 3671943758 5754278626 4471312479 42318 
2350081738 2980764598 5435992866 3819505922 -54365 
2178254892 3380000439 4994089917 5146370998 945529 
2394748236 2818230790 4701305313 4963624729 1295239 
1753642989 3687930863 4723790329 4242268794 1345355 
2570590575 2776378437 4185211413 4849748147 -241562 
2988912631 3544387613 5414179685 6625215491 695507 
Translation # 113
2480581854 3026398989 4235571732 4499625540 742494 
3036327158 2931259646 4754200984 4905450021 1166331 
2376651347 2940176818 4190346301 4493695302 1691499 
3310251947 2441055915 4236187980 5270133629 48022 
1938721377 2955548394 4866248166 4431510888 -208917 
3282609784 2922107759 5654718337 4683070363 225453 
1914103713 2020466661 2947864020 3039223663 233126 
2204868104 1934377337 2525381927 2973130521 139892 
1590662366 1672860522 3580222973 3956892114 432040 
Translation # 114
2087241010 1538843159 2812497249 2786862236 1143679 
1992493597 1777687087 3250326354 3332064633 503717 
1725925332 2153870816 3628090164 3310240307 1124374 
2036166895 1904576435 2942362295 3537463281 155346 
1956355258 2194408148 3462169048 3734386296 1028621 
1976020300 1917187257 3316827863 3122219416 1231460 
1898043246 2111725532 3470059602 3472839015 1443791 
1450857385 1862445058 2965405755 2808838024 1193111 
1851483863 2022955564 2789063741 3387016853 586628 
